0,0
1,0
2,0
3,1
4,0
5,0
6,0
7,0
8,0
9,1
10,0
11,0
12,0
13,0
14,0
15,1
16,0
17,0
18,0
19,0
20,0
21,0
22,0
23,0
24,1
25,0
26,0
27,0
28,0
29,1
0
0,0
1,0
2,0
3,1
4,0
5,0
6,0
7,0
8,0
9,1
10,0
11,0
12,0
13,0
14,0
15,1
16,0
17,0
18,0
19,0
20,0
21,0
22,0
23,0
24,0
25,1
26,0
27,0
28,0
29,1
1
0,0
1,0
2,0
3,1
4,0
5,0
6,0
7,0
8,0
9,1
10,0
11,0
12,0
13,0
14,0
15,1
16,0
17,0
18,0
19,0
20,0
21,0
22,0
23,0
24,0
25,1
26,0
27,0
28,0
29,1
2
0,0
1,0
2,0
3,1
4,0
5,0
6,0
7,0
8,0
9,1
10,0
11,0
12,0
13,0
14,0
15,0
16,1
17,0
18,0
19,0
20,0
21,0
22,0
23,0
24,0
25,0
26,1
27,0
28,0
29,1
3
0,0
1,0
2,0
3,1
4,0
5,0
6,0
7,0
8,0
9,1
10,0
11,0
12,0
13,0
14,0
15,0
16,1
17,0
18,0
19,0
20,0
21,0
22,0
23,0
24,0
25,0
26,1
27,0
28,0
29,1
4
0,0
1,0
2,0
3,1
4,0
5,0
6,0
7,0
8,0
9,1
10,0
11,0
12,0
13,0
14,0
15,0
16,1
17,0
18,0
19,0
20,0
21,0
22,0
23,0
24,0
25,0
26,1
27,0
28,0
29,1
5
0,0
1,0
2,0
3,1
4,0
5,0
6,0
7,0
8,0
9,1
10,0
11,0
12,0
13,0
14,0
15,1
16,0
17,0
18,0
19,0
20,0
21,0
22,0
23,0
24,0
25,1
6
0,0
1,0
2,0
3,1
4,0
5,0
6,0
7,0
8,0
9,1
10,0
11,0
12,0
13,0
14,0
15,0
16,1
17,0
18,0
19,0
20,0
21,0
22,0
23,0
24,0
25,1
7
0,0
1,0
2,0
3,1
4,0
5,0
6,0
7,0
8,0
9,1
10,0
11,0
12,0
13,0
14,0
15,0
16,1
8
0,0
1,0
2,0
3,1
4,0
5,0
6,0
7,0
8,0
9,1
10,0
11,0
12,0
13,0
14,0
15,1
16,0
17,0
18,0
19,0
20,0
21,0
22,0
23,0
24,1
25,0
26,0
27,0
28,0
29,1
9
0,0
1,0
2,0
3,1
4,0
5,0
6,0
7,0
8,0
9,1
10,0
11,0
12,0
13,0
14,0
15,1
16,0
17,0
18,0
19,0
20,0
21,0
22,0
23,0
24,0
25,1
26,0
27,0
28,0
29,1
10
0,0
1,0
2,0
3,1
4,0
5,0
6,0
7,0
8,0
9,1
10,0
11,0
12,0
13,0
14,0
15,0
16,1
17,0
18,0
19,0
20,0
21,0
22,0
23,0
24,0
25,0
26,1
27,0
28,0
29,1
11
0,0
1,0
2,1
3,0
4,0
5,0
6,0
7,0
8,1
9,0
10,0
11,0
12,0
13,0
14,0
15,1
16,0
17,0
18,0
19,0
20,0
21,0
22,0
23,0
24,0
25,1
26,0
27,0
28,0
29,1
12
0,0
1,0
2,1
3,0
4,0
5,0
6,0
7,0
8,0
9,1
10,0
11,0
12,0
13,0
14,0
15,0
16,1
17,0
18,0
19,0
20,0
21,0
22,0
23,0
24,0
25,0
26,1
27,0
28,0
29,1
13
0,0
1,0
2,1
3,0
4,0
5,0
6,0
7,0
8,0
9,1
10,0
11,0
12,0
13,0
14,0
15,0
16,1
17,0
18,0
19,0
20,0
21,0
22,0
23,0
24,0
25,0
26,1
27,0
28,0
29,1
14
0,0
1,0
2,0
3,1
4,0
5,0
6,0
7,0
8,0
9,1
10,0
11,0
12,0
13,0
14,0
15,0
16,0
17,0
18,0
19,0
20,0
21,0
22,0
23,0
24,0
25,0
26,0
27,0
28,0
29,0
17,0
18,0
19,0
20,0
21,0
22,0
23,0
24,0
25,0
26,1
27,0
28,0
29,1
15
0,0
1,0
2,1
3,0
4,0
5,0
6,0
7,0
8,1
9,0
10,0
11,0
12,0
13,0
14,0
15,1
16,0
17,0
18,0
19,0
20,0
21,0
22,0
23,0
24,0
25,1
16
0,0
1,0
2,1
3,0
4,0
5,0
6,0
7,0
8,1
9,0
10,0
11,0
12,0
13,0
14,0
15,1
16,0
17,0
18,0
19,0
20,0
21,0
22,0
23,0
24,0
25,1
26,0
27,0
28,0
29,1
17
0,0
1,0
2,0
3,1
4,0
5,0
6,0
7,0
8,0
9,1
10,0
11,0
12,0
13,0
14,0
15,0
16,1
17,0
18,0
19,0
20,0
21,0
22,0
23,0
24,0
25,1
26,0
27,0
28,0
29,1
18
0,0
1,0
2,1
3,0
4,0
5,0
6,0
7,0
8,1
9,0
10,0
11,0
12,0
13,0
14,0
15,1
16,0
17,0
18,0
19,0
20,0
21,0
22,0
23,0
24,1
25,0
26,0
27,0
28,0
29,1
19
0,0
1,0
2,1
3,0
4,0
5,0
6,0
7,0
8,1
9,0
10,0
11,0
12,0
13,0
14,0
15,1
16,0
17,0
18,0
19,0
20,0
21,0
22,0
23,0
24,0
25,1
26,0
27,0
28,0
29,1
20
0,0
1,0
2,1
3,0
4,0
5,0
6,0
7,0
8,1
9,0
10,0
11,0
12,0
13,0
14,0
15,1
16,0
17,0
18,0
19,0
20,0
21,0
22,0
23,0
24,0
25,1
26,0
27,0
28,0
29,1
21
0,0
1,0
2,1
3,0
4,0
5,0
6,0
7,0
8,1
9,0
10,0
11,0
12,0
13,0
14,0
15,1
16,0
17,0
18,0
19,0
20,0
21,0
22,0
23,0
24,0
25,1
26,0
27,0
28,0
29,1
22
0,0
1,0
2,1
3,0
4,0
5,0
6,0
7,0
8,1
9,0
10,0
11,0
12,0
13,0
14,0
15,1
16,0
17,0
18,0
19,0
20,0
21,0
22,0
23,0
24,0
25,1
26,0
27,0
28,0
29,1
23
0,0
1,0
2,1
3,0
4,0
5,0
6,0
7,0
8,1
9,0
10,0
11,0
12,0
13,0
14,0
15,1
16,0
17,0
18,0
19,0
20,0
21,0
22,0
23,0
24,0
25,1
26,0
27,0
28,0
29,1
24
0,0
1,0
2,1
3,0
4,0
5,0
6,0
7,0
8,1
9,0
10,0
11,0
12,0
13,0
14,0
15,1
16,0
17,0
18,0
19,0
20,0
21,0
22,0
23,0
24,0
25,1
26,0
27,0
28,0
29,1
25
0,0
1,0
2,0
3,1
4,0
5,0
6,0
7,0
8,0
9,1
10,0
11,0
12,0
13,0
14,0
15,0
16,0
17,1
18,0
19,0
20,0
21,0
22,0
23,0
24,0
25,0
26,1
27,0
28,0
29,1
26
0,0
1,0
2,1
3,0
4,0
5,0
6,0
7,0
8,1
9,0
10,0
11,0
12,0
13,0
14,0
15,1
16,0
17,0
18,0
19,0
20,0
21,0
22,0
23,0
24,0
25,0
26,1
27
0,0
1,0
2,1
3,0
4,0
5,0
6,0
7,0
8,0
9,1
10,0
11,0
12,0
13,0
14,0
15,0
16,1
17,0
18,0
19,0
20,0
21,0
22,0
23,0
24,0
25,0
26,1
27,0
28,0
29,1
28
0,0
1,0
2,0
3,1
4,0
5,0
6,0
7,0
8,0
9,1
10,0
11,0
12,0
13,0
14,0
15,0
16,1
17,0
18,0
19,0
20,0
21,0
22,0
23,0
24,0
25,0
26,1
27,0
28,0
29,1
29
0,0
1,0
2,0
3,1
4,0
5,0
6,0
7,0
8,0
9,1
10,0
11,0
12,0
13,0
14,0
15,1
16,0
17,0
18,0
19,0
20,0
21,0
22,0
23,0
24,1
25,0
26,0
27,0
28,0
29,1
30
0,0
1,0
2,0
3,1
4,0
5,0
6,0
7,0
8,0
9,1
10,0
11,0
12,0
13,0
14,0
15,1
16,0
17,0
18,0
19,0
20,0
21,0
22,0
23,0
24,1
25,0
26,0
27,0
28,0
29,1
31
0,0
1,0
2,0
3,1
4,0
5,0
6,0
7,0
8,0
9,1
10,0
11,0
12,0
13,0
14,0
15,1
25,0
26,0
27,0
28,0
29,1
4,0
5,0
6,0
7,0
8,0
9,1
10,0
11,0
12,0
13,0
14,0
15,0
16,1
17,0
18,0
19,0
20,0
21,0
22,0
23,0
24,0
25,1
26,0
27,0
28,0
29,1
32
0,0
1,0
2,0
3,1
4,0
5,0
6,0
7,0
8,0
9,1
10,0
11,0
12,0
13,0
14,0
15,1
16,0
17,0
18,0
19,0
20,0
21,0
22,0
23,0
24,0
25,1
26,0
27,0
28,0
29,1
3,0
4,0
5,0
6,0
7,0
8,1
9,0
10,0
11,0
12,0
13,0
14,1
15,0
16,0
17,0
18,0
19,0
20,0
21,0
22,0
23,1
24,0
25,0
26,0
27,0
28,0
29,1
34
0,0
1,0
2,1
3,0
4,0
5,0
6,0
7,0
8,1
9,0
10,0
11,0
12,0
13,0
14,0
15,1
16,0
17,0
18,0
19,0
20,0
21,0
22,0
23,0
24,1
25,0
26,0
27,0
28,0
29,1
36
0,0
1,0
2,0
3,1
4,0
5,0
6,0
7,0
8,0
9,0
10,1
11,0
12,0
13,0
14,0
15,0
16,0
17,0
18,1
19,0
20,0
21,0
22,0
23,0
24,0
25,0
26,1
27,0
28,0
29,1
37
0,0
1,0
2,0
3,1
4,0
5,0
6,0
7,0
8,0
9,1
10,0
11,0
12,0
13,0
14,0
15,0
16,1
17,0
18,0
19,0
20,0
21,0
22,0
23,0
24,0
25,1
26,0
27,0
28,0
29,1
38
0,0
1,0
2,0
3,1
10,0
11,0
12,0
13,0
14,0
15,0
16,1
17,0
18,0
19,0
20,0
21,0
22,0
23,0
24,0
25,1
26,0
27,0
28,0
29,1
39
0,0
1,0
2,1
3,0
4,0
5,0
6,0
7,1
8,0
9,0
10,0
11,0
12,0
13,0
14,1
15,0
16,0
17,0
18,0
19,0
20,0
21,0
22,1
23,0
24,0
25,0
26,0
27,0
28,0
29,1
40
0,0
1,0
2,0
3,1
4,0
5,0
6,0
7,0
8,0
9,1
10,0
11,0
12,0
13,0
14,0
15,0
16,1
17,0
18,0
19,0
20,0
21,0
22,0
23,0
24,1
25,0
26,0
27,0
28,0
29,1
41
0,0
1,0
2,0
3,1
4,0
5,0
6,0
7,0
8,0
9,1
10,0
11,0
12,0
13,0
14,0
15,0
16,1
17,0
18,0
19,0
20,0
21,0
22,0
23,0
24,1
25,0
26,0
27,0
28,0
29,1
42
0,0
1,0
2,0
3,1
4,0
5,0
6,0
7,0
8,0
9,1
10,0
11,0
12,0
13,0
14,0
15,1
23,0
24,0
25,0
26,0
27,0
28,0
29,1
43
0,0
1,0
2,0
3,1
4,0
5,0
6,0
7,0
8,0
9,1
10,0
11,0
12,0
13,0
14,0
15,0
16,1
17,0
18,0
19,0
20,0
21,0
22,0
23,0
24,0
25,1
26,0
27,0
28,0
29,1
44
0,0
1,0
2,0
3,1
4,0
5,0
6,0
7,0
8,0
9,1
10,0
11,0
12,0
13,0
14,0
15,0
16,1
17,0
18,0
19,0
20,0
21,0
22,0
23,0
24,1
25,0
26,0
27,0
28,0
29,1
45
0,0
1,0
2,0
3,0
4,0
5,0
6,0
7,0
8,0
9,0
10,0
11,0
12,0
13,0
14,0
15,0
16,0
17,0
18,0
19,0
20,0
21,0
22,0
23,0
24,0
25,0
26,0
27,0
28,0
29,0
4,0
5,0
6,0
7,0
8,0
9,1
10,0
11,0
12,0
13,0
14,0
15,0
16,1
17,0
18,0
19,0
20,0
21,0
22,0
23,0
24,1
25,0
26,0
27,0
28,0
29,1
46
0,0
1,0
2,0
3,1
4,0
5,0
6,0
7,0
8,0
9,1
10,0
11,0
12,0
13,0
14,0
15,0
16,1
17,0
18,0
19,0
20,0
21,0
22,0
23,0
24,1
25,0
26,0
27,0
28,0
29,1
4,0
5,0
6,0
7,0
8,0
9,1
10,0
11,0
12,0
13,0
14,0
15,0
16,1
17,0
18,0
19,0
20,0
21,0
22,0
23,0
24,0
25,1
26,0
27,0
28,0
29,1
47
0,0
1,0
2,0
3,1
4,0
5,0
6,0
7,0
8,0
9,1
10,0
11,0
12,0
13,0
14,0
15,0
16,1
17,0
18,0
19,0
20,0
21,0
22,0
23,0
24,0
25,1
26,0
27,0
28,0
29,1
49
0,0
1,0
2,0
3,1
4,0
5,0
6,0
7,0
8,0
9,1
10,0
11,0
12,0
13,0
14,0
15,0
16,1
17,0
18,0
19,0
20,0
21,0
22,0
23,0
24,1
25,0
26,0
27,0
28,0
29,1
50
0,0
1,0
2,0
3,1
4,0
5,0
6,0
7,0
8,0
9,1
10,0
11,0
12,0
13,0
14,0
15,0
16,1
17,0
18,0
19,0
20,0
21,0
22,0
23,0
24,0
25,1
26,0
27,0
28,0
29,1
51
0,0
1,0
2,0
3,1
4,0
5,0
6,0
7,0
8,0
9,1
10,0
11,0
12,0
13,0
14,0
15,0
16,1
26,0
27,0
28,0
29,1
52
0,0
1,0
2,0
3,1
4,0
5,0
6,0
7,0
8,0
9,1
10,0
11,0
12,0
13,0
14,0
15,0
16,1
17,0
18,0
19,0
20,0
21,0
22,0
23,0
24,1
25,0
26,0
27,0
28,0
29,1
53
0,0
1,0
2,0
3,1
4,0
5,0
6,0
7,0
8,0
9,1
10,0
11,0
12,0
13,0
14,0
15,0
16,1
17,0
18,0
19,0
20,0
21,0
22,0
23,0
24,0
25,1
26,0
27,0
28,0
29,1
54
0,0
1,0
2,0
3,0
4,0
5,0
6,0
7,0
8,0
9,0
10,0
11,0
12,0
13,0
14,0
15,0
16,0
17,0
18,0
19,0
20,0
21,0
22,0
23,0
24,0
25,0
26,0
27,0
28,0
29,0
4,0
5,0
6,0
7,0
8,0
9,1
10,0
11,0
12,0
13,0
14,0
15,0
16,1
17,0
18,0
19,0
20,0
21,0
22,0
23,0
24,0
25,1
26,0
27,0
28,0
29,1
55
0,0
1,0
2,0
3,1
4,0
5,0
6,0
7,0
8,0
9,1
10,0
11,0
12,0
13,0
14,0
15,0
16,1
17,0
18,0
19,0
20,0
21,0
22,0
23,0
24,0
25,1
26,0
27,0
28,0
29,1
56
0,0
1,0
2,0
3,1
4,0
5,0
6,0
7,0
8,0
9,1
10,0
11,0
12,0
13,0
14,0
15,0
16,1
17,0
18,0
19,0
20,0
21,0
22,0
23,0
24,0
25,0
26,1
27,0
28,0
29,1
57
0,0
1,0
2,1
3,0
4,0
5,0
6,0
7,0
8,0
9,0
10,0
11,0
12,0
13,0
14,0
15,0
16,0
17,0
18,0
19,0
20,0
21,0
22,0
23,0
24,0
25,0
26,0
27,0
28,0
29,0
9,0
10,0
11,0
12,0
13,0
14,1
15,0
16,0
17,0
18,0
19,0
20,0
21,0
22,0
23,1
24,0
25,0
26,0
27,0
28,0
29,1
58
0,0
1,0
2,0
3,1
4,0
5,0
6,0
7,0
8,0
9,1
10,0
11,0
12,0
13,0
14,0
15,0
16,1
17,0
18,0
19,0
20,0
21,0
22,0
23,0
24,0
25,1
26,0
27,0
28,0
29,1
59
0,0
1,0
2,0
3,1
10,0
11,0
12,0
13,0
14,0
15,0
16,1
17,0
18,0
19,0
20,0
21,0
22,0
23,0
24,0
25,0
26,1
27,0
28,0
29,1
4,0
5,0
6,0
7,0
8,0
9,1
10,0
11,0
12,0
13,0
14,0
15,1
16,0
17,0
18,0
19,0
20,0
21,0
22,0
23,0
24,0
25,1
26,0
27,0
28,0
29,1
60
0,0
1,0
2,0
3,1
4,0
5,0
6,0
7,0
8,0
9,1
10,0
11,0
12,0
13,0
14,0
15,0
16,1
17,0
18,0
19,0
20,0
21,0
22,0
23,0
24,0
25,1
26,0
27,0
28,0
29,1
62
0,0
1,0
2,0
3,1
4,0
5,0
6,0
7,0
8,0
9,1
10,0
11,0
12,0
13,0
14,0
15,0
16,1
17,0
18,0
19,0
20,0
21,0
22,0
23,0
24,1
25,0
26,0
27,0
28,0
29,1
4,0
5,0
6,0
7,0
8,0
9,1
10,0
11,0
12,0
13,0
14,0
15,0
16,1
26,0
27,0
28,0
29,1
63
0,0
1,0
2,0
3,1
10,0
11,0
12,0
13,0
14,0
15,0
16,1
17,0
18,0
19,0
20,0
21,0
22,0
23,0
24,1
25,0
26,0
27,0
28,0
29,1
65
0,0
1,0
2,0
3,1
4,0
5,0
6,0
7,0
8,0
9,1
10,0
11,0
12,0
13,0
14,0
15,0
16,1
17,0
18,0
19,0
20,0
21,0
22,0
23,1
66
0,0
1,0
2,0
3,1
4,0
5,0
6,0
7,0
8,1
9,0
10,0
11,0
12,0
13,0
14,1
15,0
16,0
17,0
18,0
19,0
20,0
21,1
22,0
23,0
24,0
25,0
26,0
27,0
28,0
29,1
67
0,0
1,0
2,0
3,1
4,0
5,0
6,0
7,0
8,0
9,1
10,0
11,0
12,0
13,0
14,0
15,0
16,0
17,0
18,0
19,0
20,0
21,0
22,0
23,0
24,0
25,0
26,0
27,0
28,0
29,0
17,0
18,0
19,0
20,0
21,0
22,0
23,0
24,1
25,0
26,0
27,0
28,0
29,1
68
0,0
1,0
2,0
3,0
4,1
5,0
6,0
7,0
8,0
9,1
10,0
11,0
12,0
13,0
14,0
15,1
16,0
17,0
18,0
19,0
20,0
21,0
22,1
23,0
24,0
25,0
26,0
27,0
28,0
29,1
69
0,0
1,0
2,0
3,1
4,0
5,0
6,0
7,0
8,1
9,0
10,0
11,0
12,0
13,0
14,0
15,1
16,0
17,0
18,0
19,0
20,0
21,0
22,1
23,0
24,0
25,0
26,0
27,0
28,0
29,1
70
0,0
1,0
2,0
3,1
4,0
5,0
6,0
7,0
8,0
9,1
10,0
11,0
12,0
13,0
14,0
15,0
16,1
17,0
18,0
19,0
20,0
21,0
22,0
23,0
24,1
25,0
26,0
27,0
28,0
29,1
71
0,0
1,0
2,0
3,1
4,0
5,0
6,0
7,0
8,1
9,0
10,0
11,0
12,0
13,0
14,0
15,1
16,0
17,0
18,0
19,0
20,0
21,0
22,1
23,0
24,0
25,0
26,0
27,0
28,0
29,1
72
0,0
1,0
2,0
3,1
4,0
5,0
6,0
7,0
8,0
9,1
10,0
11,0
12,0
13,0
14,0
15,0
16,1
17,0
18,0
19,0
20,0
21,0
22,0
23,1
24,0
25,0
26,0
27,0
28,0
29,1
73
0,0
1,0
2,0
3,0
4,1
5,0
6,0
7,0
8,0
9,0
10,1
11,0
12,0
13,0
14,0
15,0
16,0
17,0
18,0
19,1
20,0
21,0
22,0
23,0
24,0
25,0
26,1
27,0
28,0
29,1
74
0,0
1,0
2,0
3,0
4,1
5,0
6,0
7,0
8,0
9,0
10,1
11,0
12,0
13,0
14,0
15,0
16,0
17,0
18,1
19,0
20,0
21,0
22,0
23,0
24,0
25,1
75
0,0
1,0
2,0
3,0
4,1
5,0
6,0
7,0
8,0
9,0
10,1
11,0
12,0
13,0
14,0
15,0
16,0
17,0
18,1
19,0
20,0
21,0
22,0
23,0
24,0
25,1
26,0
27,0
28,0
29,1
76
0,0
1,0
2,0
3,1
4,0
5,0
6,0
7,0
8,0
9,1
10,0
11,0
12,0
13,0
14,0
15,0
16,0
17,1
18,0
19,0
20,0
21,0
22,0
23,0
24,1
25,0
26,0
27,0
28,0
29,1
77
0,0
1,0
2,0
3,1
4,0
5,0
6,0
7,0
8,0
9,1
10,0
11,0
12,0
13,0
14,0
15,0
16,0
17,1
18,0
19,0
20,0
21,0
22,0
23,0
24,1
25,0
26,0
27,0
28,0
29,1
78
0,0
1,0
2,0
3,1
4,0
5,0
6,0
7,0
8,0
9,1
10,0
11,0
12,0
13,0
14,0
15,0
16,0
17,1
18,0
19,0
20,0
21,0
22,0
23,0
24,0
25,1
26,0
27,0
28,0
29,1
79
