<0,0> 99 99 99 3 3 3 3 99 3 3 0 0 99 0 0 3 3 99 3 3 3 3 99 99 3 3 0 3 99 0 0 0 0 99 0 0 3 3 99 3 3 0 0 99 99 3 3 3 3 99 0 3 0 0 99 3 3 3 3 0 99 0 99 3 3 0 3 99 0 0 3 0 0 
<0,1> 99 99 99 0 3 3 0 99 3 0 3 3 99 3 3 0 3 99 3 3 3 0 99 99 0 0 0 3 99 0 0 0 3 99 0 3 0 3 99 0 0 0 3 99 99 3 0 3 3 99 0 0 3 3 0 0 99 99 3 0 0 0 99 3 3 3 3 99 0 3 3 3 0 
<0,2> 99 99 0 99 0 0 3 3 99 3 3 0 0 0 99 99 0 3 3 0 99 3 3 0 0 0 0 99 99 3 0 0 0 0 0 0 0 
<0,3> 99 99 99 0 3 3 3 99 0 3 3 3 0 99 3 3 0 3 99 99 3 0 0 3 99 0 3 3 0 0 99 3 0 0 3 0 99 99 0 3 0 0 99 3 0 3 3 0 99 0 3 0 0 
<0,4> 99 99 99 0 3 3 0 99 0 0 3 3 99 0 3 3 3 99 3 3 3 0 99 99 3 0 3 3 99 3 3 3 0 99 0 0 0 0 99 3 0 0 3 99 99 0 3 3 3 99 0 3 0 3 99 3 3 3 3 99 3 0 3 3 99 99 0 3 3 3 99 0 3 0 3 99 0 3 0 3 0 
<0,5> 99 99 99 3 0 0 3 99 3 3 3 0 99 0 3 3 0 99 3 0 3 3 8 99 99 3 0 3 3 99 0 3 0 3 99 0 3 0 0 99 3 0 3 3 8 
<0,6> 99 99 99 0 3 0 0 99 3 0 0 3 0 99 0 0 3 3 99 99 3 0 0 0 99 3 3 0 3 99 0 3 3 0 99 3 3 0 0 99 99 3 0 0 0 99 0 3 0 3 99 3 0 0 0 0 99 99 3 3 0 3 99 3 0 3 0 99 0 0 3 0 99 3 0 3 0 
<0,7> 99 99 99 0 0 0 0 0 99 0 3 3 3 99 0 3 0 3 99 99 0 3 3 3 0 99 0 3 3 0 0 99 99 3 0 3 3 99 3 0 3 3 99 3 3 3 0 99 3 0 3 3 99 99 0 3 0 3 99 3 3 3 0 99 3 3 3 0 99 3 3 3 0 
<0,8> 99 99 0 0 0 99 0 0 0 0 99 0 0 99 0 0 0 0 99 0 0 0 0 99 99 3 0 0 3 99 0 3 0 0 0 99 0 3 0 0 99 0 99 3 3 0 0 0 99 0 0 0 0 
<0,9> 99 99 0 0 99 0 0 0 3 99 0 0 3 3 99 0 99 0 0 3 0 99 0 0 0 3 99 3 3 3 0 99 99 3 3 0 0 99 0 0 3 3 0 99 0 3 3 0 99 99 3 0 3 3 99 3 3 0 3 99 3 3 0 3 99 3 3 0 0 
<0,10> 99 99 99 0 3 3 3 99 3 3 3 0 99 3 0 0 3 99 3 0 0 0 99 99 0 0 0 3 0 99 0 0 0 0 99 3 0 3 0 99 99 0 0 3 3 99 0 0 3 0 99 3 3 3 0 99 3 0 3 3 99 99 0 0 3 0 99 3 0 0 3 99 0 0 3 3 99 0 0 0 0 
<0,11> 99 99 99 3 0 3 0 99 0 3 0 0 99 3 3 0 0 99 0 0 0 3 8 99 99 3 3 3 3 99 3 3 0 0 99 0 0 3 3 99 0 0 3 3 8 
<0,12> 99 99 99 0 3 0 0 99 3 3 0 3 99 0 3 0 3 99 3 0 3 0 99 99 3 0 3 0 99 0 0 0 3 99 0 0 3 3 99 3 0 0 0 99 99 3 3 0 3 99 0 3 3 3 0 99 0 3 0 0 99 0 99 3 3 3 3 99 3 0 0 3 99 3 3 3 0 
<0,13> 99 99 99 0 0 3 3 99 0 3 3 0 0 0 99 99 0 0 0 3 99 0 0 3 0 99 0 0 0 0 99 3 0 3 3 99 99 0 0 0 0 0 99 0 0 3 0 99 3 0 3 3 99 99 0 3 0 3 99 3 0 3 0 99 0 3 3 3 99 3 3 0 3 
<0,14> 99 99 0 99 0 3 3 3 0 0 99 99 0 0 0 3 0 0 0 0 99 0 99 0 3 0 3 0 99 0 3 0 3 
<0,15> 99 99 0 0 99 0 3 0 0 99 0 0 0 3 99 99 0 0 3 0 99 0 3 3 3 99 3 0 0 0 99 3 0 3 0 99 99 0 3 0 0 0 99 3 0 0 3 0 99 99 3 0 0 0 99 3 3 3 0 99 0 0 0 0 99 3 0 3 0 
<0,16> 99 99 0 99 0 3 0 0 99 3 0 3 3 99 0 3 3 0 99 99 3 0 3 3 99 0 0 3 3 99 3 3 0 3 99 3 3 3 3 99 99 3 0 3 3 99 3 3 3 3 99 3 0 0 3 99 3 0 3 3 99 99 0 0 3 0 99 0 3 3 0 99 3 3 3 0 99 0 0 3 0 
<0,17> 99 99 0 99 3 3 3 3 99 3 0 0 0 99 0 3 0 0 8 99 99 3 3 0 3 99 3 3 0 3 0 99 3 3 3 3 8 
<0,18> 99 99 99 0 0 0 3 99 0 0 3 0 99 0 3 3 0 99 0 3 3 3 99 99 0 3 3 3 99 0 3 0 3 99 3 3 0 0 99 0 0 3 3 99 99 3 0 3 0 99 3 0 3 3 99 0 3 0 0 0 99 99 3 0 3 3 99 0 3 3 0 99 3 3 0 3 99 3 0 3 3 
<0,19> 99 99 99 3 3 3 3 99 3 3 0 0 99 0 0 3 3 0 99 99 3 0 3 0 99 0 3 3 3 99 0 0 3 0 99 3 3 0 3 99 99 3 3 0 3 0 99 0 0 3 3 99 3 3 0 0 99 99 0 0 0 0 99 0 0 3 3 99 0 0 0 3 99 0 0 3 0 
<0,20> 99 99 99 3 0 3 0 0 99 0 3 3 3 0 99 99 0 0 3 0 99 0 0 0 3 99 0 0 0 0 99 3 3 3 3 99 99 0 0 3 0 0 99 3 3 3 3 99 3 0 3 3 99 99 0 3 3 0 99 0 3 0 0 99 0 0 0 0 99 0 3 0 0 
<0,21> 99 99 99 0 0 3 0 99 0 0 3 3 99 0 3 3 0 99 3 0 3 3 99 0 99 0 0 0 3 99 0 0 0 0 99 0 0 0 0 0 99 0 0 99 0 0 3 0 99 0 0 0 0 
<0,22> 99 99 99 0 0 0 0 99 0 0 0 0 0 0 99 99 0 3 0 0 99 3 3 3 0 99 0 0 3 0 99 0 3 3 0 99 0 0 0 99 0 3 0 0 99 0 99 3 0 0 3 0 0 
<0,23> 99 99 99 0 0 3 0 99 3 3 0 3 99 3 0 3 0 99 0 3 3 3 8 99 0 99 3 3 0 3 99 0 0 0 0 99 0 0 0 3 8 
<0,24> 99 99 99 0 0 3 3 99 3 0 0 0 99 0 0 0 3 99 0 0 3 3 99 0 99 3 3 3 0 99 0 0 3 0 99 0 0 0 3 8 8 
<0,25> 99 99 99 0 3 0 0 99 3 0 0 0 99 0 3 0 0 99 0 3 3 0 99 99 0 0 0 3 99 0 0 3 3 99 3 3 0 3 99 3 3 3 0 8 8 
<0,26> 99 99 99 3 0 3 0 99 3 3 3 3 99 3 3 3 3 99 0 3 3 3 99 99 0 3 0 0 99 0 0 0 3 99 3 3 3 3 99 0 0 3 3 8 8 
<0,27> 99 99 99 0 0 0 0 0 99 0 0 3 3 99 0 0 3 3 99 0 99 3 0 3 3 99 3 0 3 3 99 3 0 3 3 8 8 
<0,28> 99 99 99 0 3 3 3 0 99 3 3 3 3 99 3 3 3 3 99 0 0 99 0 0 3 3 99 0 3 3 3 8 8 
<0,29> 99 99 0 0 99 3 3 3 3 99 3 3 3 3 8 8 8 
<8,0> 99 99 99 3 3 3 3 99 3 3 0 0 99 0 0 3 3 99 3 3 3 0 99 99 3 3 0 0 99 0 0 3 0 99 3 0 3 3 99 3 0 0 0 99 99 3 0 0 0 99 3 0 0 0 99 0 0 3 3 0 99 99 0 0 0 0 99 0 3 0 3 0 99 0 0 0 0 
<8,1> 99 99 99 3 0 3 3 99 0 0 0 0 99 0 3 3 3 99 3 3 3 0 99 99 3 0 0 3 0 99 0 0 3 3 0 99 99 0 3 3 3 99 3 3 0 3 99 3 3 0 0 0 99 99 0 3 3 0 99 3 0 0 3 99 0 3 3 3 99 0 3 3 3 
<8,2> 99 99 0 99 0 3 3 0 99 3 3 3 3 99 3 3 3 3 99 99 3 0 3 0 99 0 3 0 3 0 99 0 3 0 0 99 99 3 3 0 0 0 0 0 0 
<8,3> 99 99 99 0 3 3 3 99 3 3 3 3 0 99 0 3 0 0 99 99 0 0 3 3 99 3 3 0 3 99 3 3 0 0 99 3 3 3 3 0 99 0 99 3 3 0 0 0 0 
<8,4> 99 99 99 3 3 0 3 99 3 3 3 3 99 0 3 0 3 0 99 99 3 3 3 3 99 3 3 3 0 99 0 0 3 3 99 3 3 3 0 99 99 3 3 3 0 99 0 0 0 0 99 3 0 0 0 99 3 0 0 3 99 99 0 3 3 3 99 0 0 3 0 99 3 3 0 3 0 
<8,5> 99 99 99 0 3 0 0 99 0 3 3 0 99 0 3 3 0 99 0 0 0 3 8 99 99 3 0 0 3 99 0 0 3 0 99 0 3 0 0 99 3 3 3 3 8 
<8,6> 99 99 99 0 0 0 0 99 3 0 0 3 0 99 0 0 3 0 99 99 3 0 0 0 99 3 3 0 3 99 0 3 3 0 99 0 3 3 3 99 99 3 0 3 3 99 0 3 3 3 99 0 3 0 0 0 99 99 3 3 0 0 99 3 0 3 3 99 3 0 0 0 99 3 0 3 0 
<8,7> 99 99 0 99 3 0 0 3 99 0 3 3 3 99 3 3 3 0 99 99 3 0 3 3 99 3 3 3 0 99 3 0 3 3 0 99 99 3 3 0 3 99 0 3 3 3 99 3 3 0 3 99 3 0 3 3 99 99 0 3 0 3 99 0 3 0 3 99 0 0 0 3 99 0 0 3 0 
<8,8> 99 99 0 0 0 99 0 3 3 3 99 0 0 99 0 0 0 3 99 0 3 0 3 99 99 0 3 3 0 99 0 0 0 3 99 3 0 0 3 0 99 99 0 0 0 0 99 0 0 0 3 0 0 
<8,9> 99 99 0 0 99 0 3 3 0 99 0 3 0 3 99 99 0 0 0 0 0 99 3 0 0 3 99 0 3 0 0 0 99 99 3 3 0 0 99 3 0 0 3 99 0 0 0 0 0 
<8,10> 99 99 99 0 3 0 3 99 3 0 3 3 99 0 3 3 3 99 3 3 0 0 99 99 3 0 0 3 0 99 0 0 0 0 99 0 3 0 3 99 99 0 0 0 0 0 99 0 0 0 3 99 0 0 3 3 99 99 0 0 0 0 99 3 0 3 0 99 0 3 0 3 0 
<8,11> 99 99 99 0 3 3 3 99 0 3 0 3 99 0 0 0 0 99 0 3 0 0 8 99 99 3 0 0 3 99 3 3 0 3 99 0 0 3 3 99 0 0 3 3 8 
<8,12> 99 99 99 0 0 3 0 99 3 3 0 3 99 3 3 0 3 99 0 0 3 3 99 99 0 3 0 3 99 3 3 0 0 99 3 0 3 3 99 0 0 3 0 99 99 3 3 3 0 99 3 3 3 3 99 0 3 3 0 99 0 3 0 0 99 99 3 3 3 3 99 3 3 0 3 99 0 3 3 3 99 3 3 3 3 
<8,13> 99 99 99 0 0 3 3 99 3 0 0 0 0 0 99 99 3 0 0 3 99 0 0 3 3 0 99 3 3 0 3 99 99 3 0 0 3 99 0 0 0 0 99 0 0 3 3 99 3 0 0 3 99 0 99 3 0 0 3 99 0 0 3 0 99 0 0 0 0 
<8,14> 99 99 99 3 0 3 3 0 99 0 3 3 0 0 99 0 0 99 3 0 0 3 0 99 99 3 0 3 3 0 99 3 0 0 0 99 3 0 3 0 99 99 0 0 0 0 0 0 0 
<8,15> 99 99 99 0 3 0 0 99 0 3 3 3 99 3 3 0 0 99 0 0 0 0 99 0 99 0 3 3 3 0 0 99 0 99 0 3 3 3 99 0 3 3 0 99 0 0 3 0 99 99 0 0 0 0 99 3 0 3 3 99 3 0 3 3 99 3 0 3 0 
<8,16> 99 99 99 0 0 3 3 99 0 3 3 0 99 3 0 3 3 99 0 0 0 3 99 99 0 3 3 0 99 0 0 3 3 99 3 3 0 0 99 0 3 3 3 99 99 3 3 0 3 99 3 3 3 0 99 3 3 3 0 99 0 3 0 3 99 99 0 0 3 0 99 0 0 3 0 99 0 3 3 3 99 0 0 3 3 
<8,17> 99 99 99 0 3 3 0 99 3 3 0 3 99 3 0 3 0 99 0 3 0 3 8 99 99 3 0 0 3 99 3 0 0 3 99 0 0 0 0 99 3 0 0 3 8 
<8,18> 99 99 99 0 3 0 3 99 0 0 3 3 99 3 3 0 0 99 3 3 3 0 99 99 3 3 3 3 99 0 3 0 0 99 3 0 3 3 99 0 0 3 3 99 99 0 3 3 0 99 3 3 3 3 99 0 3 3 3 0 99 99 3 3 3 0 99 3 3 3 0 0 99 0 0 3 3 
<8,19> 99 99 99 0 0 3 3 99 0 0 3 3 99 3 3 0 0 99 0 0 3 0 99 99 3 3 3 0 99 0 0 3 0 99 3 0 0 0 99 3 0 0 3 99 99 0 3 0 0 99 0 3 3 3 0 0 99 99 3 0 3 0 99 0 0 0 0 99 3 3 0 0 99 0 0 3 0 
<8,20> 99 99 99 0 0 0 0 99 0 0 0 0 99 0 0 3 0 0 99 0 0 0 0 99 99 3 3 3 3 99 3 3 0 3 99 3 3 3 0 99 3 0 3 0 0 
<8,21> 99 99 0 99 0 0 3 3 99 0 0 3 3 99 0 0 0 0 99 99 3 3 3 3 99 3 0 3 3 99 3 3 0 3 99 0 3 0 0 99 99 0 0 0 0 99 0 3 0 0 0 99 0 0 0 0 99 0 99 0 0 0 0 99 0 0 3 0 99 0 0 3 0 
<8,22> 99 99 99 0 0 0 0 0 99 0 0 0 0 0 99 99 3 3 0 0 99 3 0 3 0 99 0 0 0 0 99 3 3 3 0 99 0 0 0 0 99 0 99 0 0 0 0 99 0 0 0 0 0 
<8,23> 99 99 99 3 0 0 0 99 3 3 3 0 99 0 3 0 3 99 0 3 3 3 8 99 99 0 0 3 3 99 3 3 3 0 99 3 0 0 0 99 0 0 0 0 8 
<8,24> 99 99 99 0 3 0 0 99 0 3 0 3 99 3 0 0 3 99 3 0 0 0 99 0 99 3 3 3 3 99 3 0 3 0 99 0 3 0 0 8 8 
<8,25> 99 99 99 3 3 0 3 99 0 0 0 0 99 0 3 0 3 99 0 3 3 3 99 99 0 3 0 3 99 3 0 0 3 99 0 3 0 3 99 0 3 3 0 8 8 
<8,26> 99 99 99 0 3 0 0 99 0 3 0 3 99 0 0 3 3 99 3 0 3 3 99 99 0 0 0 0 99 0 0 3 3 99 3 3 3 3 99 0 0 3 3 8 8 
<8,27> 99 99 0 0 99 0 0 0 3 99 0 0 0 0 99 99 3 3 0 0 99 3 0 0 3 99 0 0 3 3 99 0 3 3 0 8 8 
<8,28> 99 99 99 0 0 3 0 0 99 3 3 3 3 99 0 0 3 3 99 0 0 99 0 0 3 3 99 0 0 3 3 8 8 
<8,29> 99 99 99 0 0 0 0 99 0 0 0 0 99 3 3 3 0 99 3 3 3 3 8 8 8 
<16,0> 99 99 99 3 3 3 0 99 3 3 0 3 99 0 3 3 3 99 0 3 3 3 99 99 3 3 3 0 0 99 3 3 0 0 99 0 3 0 0 99 99 0 3 0 3 99 0 3 3 0 99 3 3 3 3 0 99 99 0 3 0 0 99 3 0 3 0 99 3 0 3 0 0 
<16,1> 99 99 99 3 3 3 0 99 3 0 3 3 99 0 3 3 3 99 3 0 0 3 99 99 3 0 3 0 99 0 0 3 3 99 3 0 3 3 99 0 0 3 0 99 99 3 3 0 3 99 3 3 0 0 99 0 3 0 0 99 3 0 0 3 99 99 0 0 3 0 99 0 3 0 0 99 0 3 0 0 99 0 3 0 3 
<16,2> 99 99 99 0 3 3 3 99 3 3 0 0 99 3 3 3 0 99 3 3 0 3 99 99 3 0 0 0 99 0 3 0 3 99 0 3 3 3 99 3 3 3 3 99 99 0 0 3 0 99 3 3 3 0 99 0 3 3 3 99 3 3 3 0 99 99 3 0 0 3 99 3 3 0 0 99 3 0 0 0 0 
<16,3> 99 99 99 3 3 3 0 99 3 3 0 3 99 3 3 3 3 99 3 3 0 3 99 99 3 0 3 0 99 3 3 3 3 99 3 0 3 3 99 3 3 0 0 99 99 3 3 0 0 99 0 3 0 0 0 0 99 99 0 0 3 0 99 3 3 0 3 0 99 0 0 3 3 
<16,4> 99 99 99 3 0 3 0 99 3 3 0 3 99 0 3 3 0 99 3 3 3 3 99 99 0 3 0 3 99 3 3 3 0 99 3 0 0 3 99 3 3 0 3 99 99 3 3 3 3 99 3 0 3 0 99 3 0 0 3 99 0 3 0 3 99 99 0 3 3 3 99 3 0 3 3 99 0 0 3 0 99 0 3 3 0 
<16,5> 99 99 99 3 3 3 3 99 0 3 3 0 99 3 0 3 0 0 8 99 99 3 3 3 3 99 0 3 3 0 99 3 0 0 0 99 0 3 0 3 8 
<16,6> 99 99 99 3 3 0 0 99 0 0 0 3 99 3 3 0 3 99 0 3 0 0 99 99 3 0 0 0 99 0 0 3 0 99 0 0 3 3 99 3 3 3 3 99 99 3 0 3 3 99 0 0 0 3 99 0 3 0 3 99 3 3 3 3 99 99 3 3 0 0 99 3 0 3 0 99 3 0 3 3 99 3 3 3 0 
<16,7> 99 99 0 99 0 3 3 3 99 0 3 3 3 99 3 3 0 3 99 99 0 3 3 3 99 3 3 0 3 99 0 3 3 3 0 99 99 3 3 3 3 99 3 3 0 3 99 3 3 3 3 99 3 3 3 0 99 99 0 0 0 3 0 99 0 0 0 3 99 3 3 3 0 
<16,8> 99 99 99 0 0 0 0 99 3 0 0 0 99 3 0 0 0 99 0 0 0 3 99 0 0 99 0 0 0 0 0 99 99 0 3 0 3 99 3 0 3 3 99 3 3 0 0 99 0 3 0 0 99 99 0 0 0 3 99 0 0 0 3 0 99 3 0 3 0 
<16,9> 99 99 0 0 0 99 0 0 0 0 99 0 99 3 0 3 0 0 99 0 3 0 0 99 99 0 0 3 0 99 3 0 0 3 0 0 99 99 0 3 3 3 99 0 0 0 3 0 99 0 3 0 3 
<16,10> 99 99 99 0 0 3 0 99 3 3 3 0 99 3 0 3 3 0 99 99 3 3 3 3 99 0 0 3 0 99 0 3 0 3 99 0 3 3 0 99 99 3 3 0 0 99 0 0 3 3 99 3 0 0 3 99 3 0 3 3 99 99 3 3 0 3 99 3 3 3 0 99 0 3 3 3 99 0 0 3 0 
<16,11> 99 99 99 0 3 0 3 99 0 0 3 3 99 0 0 3 0 99 3 3 3 3 8 99 99 0 3 3 3 99 0 0 3 0 99 0 0 0 0 99 0 3 3 3 8 
<16,12> 99 99 99 0 0 3 0 99 0 3 0 0 99 3 0 3 0 99 3 0 0 3 99 99 0 3 3 0 0 99 0 3 3 3 99 0 0 3 0 99 99 3 3 0 3 99 3 0 0 3 99 0 0 0 3 0 99 99 0 3 0 3 99 0 3 0 0 99 0 0 3 3 99 3 0 0 3 
<16,13> 99 99 99 3 3 3 0 99 3 0 0 0 0 0 99 0 99 0 3 3 3 0 99 0 3 0 0 99 99 0 0 0 3 99 0 0 3 0 99 0 0 3 3 99 3 3 3 3 99 0 99 0 3 0 0 99 0 0 3 0 99 0 3 0 3 
<16,14> 99 99 0 0 99 0 0 0 3 0 99 99 0 0 0 3 0 99 0 0 0 3 99 0 0 0 0 99 99 3 3 0 3 99 3 3 0 0 99 3 3 3 0 0 99 0 99 0 3 0 3 99 0 0 0 3 99 0 3 0 3 
<16,15> 99 99 0 99 0 0 3 3 99 0 0 0 3 99 0 3 3 0 99 0 0 99 0 3 3 0 99 3 3 0 3 99 99 3 0 3 0 99 0 3 0 3 99 3 0 0 0 99 3 0 0 0 99 99 0 0 0 0 99 0 3 0 0 99 3 0 0 3 99 0 0 0 0 
<16,16> 99 99 99 0 0 0 3 99 0 0 3 0 99 3 3 3 0 99 0 0 3 3 99 99 3 3 3 3 99 3 0 3 3 99 3 0 0 0 99 3 3 3 3 99 99 3 3 0 3 99 3 0 3 3 0 99 3 0 0 3 99 99 0 3 3 3 99 3 0 3 0 99 3 3 0 3 99 3 0 3 3 
<16,17> 99 99 0 99 0 3 0 3 99 0 0 3 0 99 0 3 3 3 8 99 0 99 3 3 3 3 99 0 0 3 0 99 0 3 0 3 8 
<16,18> 99 99 99 0 0 0 3 99 3 0 3 3 99 0 3 3 3 99 3 3 3 0 99 99 0 3 3 3 99 0 0 0 0 99 3 3 3 3 99 3 3 0 3 99 99 0 3 3 3 99 3 3 3 3 99 3 3 3 3 99 0 3 3 0 99 99 3 3 0 3 99 3 3 3 0 99 3 3 0 0 99 3 3 3 3 
<16,19> 99 99 99 0 0 3 0 99 0 0 3 0 99 3 3 3 3 99 0 3 0 3 99 99 0 3 0 0 99 0 0 0 3 0 0 99 0 99 0 3 3 3 0 99 0 0 3 3 99 99 3 0 0 0 0 99 0 0 0 3 99 0 0 0 0 
<16,20> 99 99 99 0 3 3 3 0 99 0 0 0 3 0 99 99 0 3 3 3 99 3 0 3 3 99 3 3 0 3 99 3 3 0 0 99 99 0 3 0 3 99 0 3 3 3 99 3 3 0 3 99 0 0 3 0 99 99 0 3 3 3 99 3 3 3 0 99 0 0 3 0 0 
<16,21> 99 99 99 3 0 3 0 99 3 0 0 0 99 3 0 0 0 0 99 0 99 0 0 0 0 99 3 0 0 0 99 0 0 0 0 0 99 99 0 0 0 0 0 99 0 0 0 3 99 0 0 3 0 
<16,22> 99 99 99 0 0 0 3 0 0 99 3 0 0 0 99 99 0 3 0 0 99 3 3 0 3 99 0 3 0 0 99 0 0 3 0 99 0 0 0 99 0 0 0 0 0 
<16,23> 99 99 99 3 3 0 0 99 3 3 3 3 99 3 0 3 0 99 3 3 3 3 8 99 99 3 3 3 0 99 3 3 0 0 99 3 3 0 0 0 8 
<16,24> 99 99 99 0 0 0 3 99 3 3 0 3 99 3 0 3 3 99 3 3 0 0 99 99 0 0 3 0 99 3 0 3 3 99 3 3 0 3 99 0 3 3 3 8 8 
<16,25> 99 99 99 0 0 0 3 0 99 3 0 0 3 0 99 99 0 3 0 3 99 3 3 3 0 99 3 0 0 0 99 0 3 3 0 8 8 
<16,26> 99 99 99 3 0 3 0 99 3 0 3 3 99 3 0 3 0 99 3 0 3 0 99 99 3 0 3 3 99 3 0 0 3 99 3 3 3 3 99 3 0 3 3 8 8 
<16,27> 99 99 99 0 0 3 0 99 0 0 0 3 99 0 0 3 3 99 0 0 3 3 99 99 0 0 0 0 99 0 3 0 0 99 0 3 3 3 99 3 3 3 3 8 8 
<16,28> 99 99 99 3 0 3 3 99 0 0 3 0 99 0 3 3 3 99 3 3 0 3 99 0 0 99 3 3 3 3 99 3 3 3 0 8 8 
<16,29> 99 99 0 99 0 3 3 3 99 3 3 3 0 99 3 0 0 3 8 8 8 
<24,0> 99 99 99 3 3 3 3 99 3 3 3 3 99 3 3 0 3 99 3 3 0 0 99 99 3 3 3 3 99 0 3 3 3 99 0 3 0 0 99 0 3 3 3 99 99 0 0 3 3 99 3 3 3 3 99 3 3 3 3 99 3 3 0 0 99 99 0 0 3 0 99 3 3 0 0 99 3 0 0 0 99 3 0 0 0 
<24,1> 99 99 99 0 3 3 3 99 3 0 3 3 99 0 3 3 3 99 0 3 0 3 99 99 0 3 3 0 99 0 0 3 3 99 3 3 0 0 99 3 0 3 3 99 99 0 3 0 3 99 0 3 0 0 99 0 0 3 0 99 3 0 0 0 99 99 0 3 0 3 99 0 0 0 0 99 0 0 3 0 99 0 3 0 0 
<24,2> 99 99 99 3 3 0 3 99 0 0 3 0 99 3 0 0 0 99 0 3 3 3 99 99 0 0 3 0 99 0 3 0 3 99 0 3 3 3 99 3 0 3 3 99 99 3 0 3 3 99 3 3 3 3 99 3 3 3 0 0 99 99 0 0 0 0 99 0 3 0 0 0 0 
<24,3> 99 99 99 3 0 3 0 99 3 3 0 3 99 3 3 0 3 99 0 3 0 0 99 99 3 3 3 3 99 3 0 0 0 99 0 3 0 0 99 3 0 3 3 99 99 3 0 3 3 99 3 0 3 0 0 99 0 3 0 3 99 99 0 0 0 3 99 0 3 0 0 99 3 0 3 3 99 0 3 3 3 
<24,4> 99 99 99 3 3 0 3 99 3 3 3 0 99 0 3 3 0 99 0 3 3 3 99 99 3 3 0 3 99 3 0 3 3 99 3 3 3 3 99 0 3 0 0 99 99 3 3 3 3 99 3 3 0 3 99 3 3 3 3 99 3 3 3 3 99 99 0 0 3 3 99 3 0 3 3 99 3 3 3 3 99 0 3 0 3 
<24,5> 99 99 99 0 0 3 0 99 0 0 0 3 99 3 0 3 3 99 3 0 0 3 8 99 99 0 3 0 0 99 0 0 3 3 99 0 0 0 3 99 0 0 0 0 8 
<24,6> 99 99 99 0 0 0 0 99 0 3 0 3 99 3 3 3 0 99 0 0 3 3 99 99 3 0 0 3 99 0 3 0 3 99 3 3 0 3 99 3 0 3 0 99 99 3 3 3 0 0 99 0 3 3 0 99 3 3 3 0 99 99 0 0 3 0 99 0 0 3 0 99 3 0 3 0 99 3 0 0 3 
<24,7> 99 99 99 0 3 3 3 99 0 3 0 3 99 3 3 3 0 99 3 3 3 3 99 99 3 3 0 3 99 0 3 0 0 99 3 0 0 3 99 0 0 3 0 99 99 3 0 0 3 99 0 3 3 3 99 0 0 3 3 99 3 3 3 0 99 99 0 0 0 3 99 3 0 3 3 99 0 3 3 3 99 3 3 3 0 
<24,8> 99 0 0 99 0 99 0 3 3 0 99 0 0 0 0 99 0 0 3 3 99 99 3 0 0 3 0 0 0 
<24,9> 99 0 99 99 3 0 3 3 99 3 0 0 3 99 0 3 0 0 99 3 3 0 3 99 0 99 3 3 3 0 0 99 3 0 0 0 99 99 0 3 3 3 99 3 0 0 0 99 3 0 0 3 99 3 3 0 3 
<24,10> 99 99 99 3 0 0 0 99 0 0 3 0 99 3 0 3 3 99 0 0 3 0 99 99 3 3 0 3 99 0 0 3 3 99 0 3 0 0 99 3 0 0 0 99 99 3 0 3 3 99 0 3 3 3 99 3 3 0 3 99 0 0 0 0 99 99 3 0 0 3 99 0 3 0 3 99 0 3 3 3 99 3 0 0 0 
<24,11> 99 99 99 0 3 0 3 99 3 3 0 3 99 0 3 3 3 99 3 3 0 3 8 99 99 0 0 3 3 99 0 3 0 3 99 0 3 3 0 99 3 3 0 0 8 
<24,12> 99 99 99 0 0 3 0 99 3 0 0 3 99 3 0 3 3 99 3 3 3 0 99 99 0 0 3 3 99 3 0 0 0 99 3 3 3 3 99 3 0 3 3 99 0 99 0 3 0 0 99 0 3 0 0 99 3 0 3 0 99 99 3 0 0 3 99 0 3 3 0 99 3 3 3 3 99 3 3 0 0 
<24,13> 99 99 0 0 99 0 0 0 0 0 99 99 3 0 0 0 0 99 0 3 0 0 99 3 3 0 3 99 99 0 3 3 3 99 0 0 3 0 99 0 0 3 3 99 3 3 3 0 99 99 0 0 0 0 99 3 0 3 0 99 3 0 0 3 99 3 3 0 3 
<24,14> 99 99 0 99 3 0 3 0 99 3 0 0 0 99 3 3 3 3 99 0 0 0 99 3 3 3 3 99 99 3 3 3 0 99 0 0 0 3 99 3 0 3 0 0 99 99 0 0 3 3 99 3 3 0 0 99 3 0 3 3 99 3 3 0 0 
<24,15> 99 99 0 99 0 0 3 3 99 3 3 0 3 99 0 3 0 0 99 99 3 0 0 3 99 0 0 3 3 99 3 3 0 0 99 3 0 3 0 99 99 3 3 3 3 99 0 3 0 0 99 0 3 3 3 99 3 0 3 0 99 99 0 3 0 0 99 0 0 3 0 99 0 0 0 3 99 0 0 0 0 
<24,16> 99 99 99 3 0 3 3 99 0 3 0 3 99 3 0 0 3 99 0 3 0 0 99 99 0 3 0 0 99 3 0 3 3 99 0 0 0 3 99 0 3 3 0 99 99 0 3 0 0 99 3 3 3 0 99 3 0 0 0 99 0 3 0 0 99 99 3 3 0 3 99 3 0 3 0 99 3 3 0 0 99 3 3 3 3 
<24,17> 99 99 99 3 3 0 0 99 0 3 0 3 99 3 3 0 3 99 0 3 3 3 8 99 99 0 0 0 0 99 3 3 3 3 99 0 0 0 3 99 3 0 3 3 8 
<24,18> 99 99 99 0 3 0 0 99 0 3 3 3 99 3 0 3 0 99 3 0 3 3 99 99 0 0 0 0 99 0 0 3 3 99 3 3 3 0 99 0 3 3 0 99 99 0 0 0 3 99 0 3 0 3 99 0 0 0 3 99 3 3 0 3 99 99 3 0 3 3 99 3 3 3 0 0 99 3 3 3 3 
<24,19> 99 99 99 3 3 0 3 99 3 3 3 0 99 0 3 0 3 99 0 3 0 3 99 99 3 0 0 0 99 3 3 3 3 0 99 0 3 0 3 99 99 0 0 3 3 99 3 0 0 0 99 0 0 3 3 99 3 3 0 3 99 99 3 3 0 3 99 3 3 3 3 99 3 3 0 3 99 3 0 0 0 
<24,20> 99 99 99 0 0 0 0 99 0 3 0 3 99 3 3 3 3 0 99 99 3 3 3 3 99 3 0 3 3 99 3 3 3 0 99 0 0 3 0 99 99 3 0 3 0 99 3 0 3 3 99 0 0 3 3 99 0 3 0 0 99 99 3 0 0 3 99 0 3 0 0 99 0 0 3 3 0 
<24,21> 99 99 99 0 0 3 3 0 99 3 3 3 0 0 99 0 0 99 0 0 0 0 0 99 99 0 0 0 0 0 0 0 99 99 0 0 0 0 0 99 3 3 0 0 99 0 3 3 3 
<24,22> 99 99 99 0 3 0 0 0 0 99 0 0 0 0 99 99 0 0 3 0 99 3 3 3 0 0 0 99 0 99 3 0 0 3 99 0 0 3 0 0 0 
<24,23> 99 99 99 3 0 3 3 99 0 0 3 3 99 3 3 3 3 99 3 3 0 3 8 99 0 99 0 3 0 3 99 3 0 0 0 0 8 
<24,24> 99 99 99 0 0 0 3 99 3 0 3 3 99 0 3 3 3 99 0 0 3 3 99 99 0 3 3 3 99 3 0 0 3 99 0 0 0 0 99 0 3 3 0 8 8 
<24,25> 99 99 99 0 3 3 0 0 99 3 3 0 3 99 3 0 3 0 99 99 3 3 3 3 99 0 0 3 3 99 3 0 3 3 99 3 3 0 3 8 8 
<24,26> 99 99 99 0 0 3 3 99 0 3 0 3 99 3 3 3 3 99 0 0 3 3 99 99 3 3 3 0 99 0 3 3 3 99 3 3 0 3 99 0 3 0 3 8 8 
<24,27> 99 99 0 0 99 0 0 3 3 99 0 3 3 3 99 99 3 3 3 3 99 0 3 3 0 99 3 3 0 3 99 0 0 3 3 8 8 
<24,28> 99 99 99 3 3 3 3 99 3 0 3 3 99 0 0 0 3 99 0 3 3 3 99 99 0 3 3 3 99 0 0 3 3 99 3 3 3 3 99 3 3 3 3 8 8 
<24,29> 99 99 99 0 3 3 3 99 3 3 3 3 99 3 0 3 3 99 0 0 3 3 8 8 8 
<32,0> 99 99 99 3 3 3 3 99 3 3 0 3 99 0 3 0 0 99 3 3 3 0 99 99 3 3 3 3 99 0 0 0 0 99 0 3 3 0 99 3 0 3 3 99 99 0 0 3 3 99 3 3 3 3 99 3 3 0 0 99 3 3 3 3 99 99 0 0 3 0 99 3 3 0 0 0 99 3 0 0 3 
<32,1> 99 99 99 3 3 0 0 99 3 3 0 3 0 99 0 0 3 3 99 99 3 3 3 3 99 3 3 3 3 99 3 3 3 0 99 3 0 0 0 99 99 0 0 0 0 0 99 0 0 3 3 99 0 3 3 3 99 99 0 0 3 3 99 0 0 3 3 99 0 3 3 3 99 3 0 3 0 
<32,2> 99 99 99 0 3 0 0 99 3 0 3 3 99 0 3 0 0 99 0 3 3 0 99 99 3 3 3 3 99 3 0 3 3 0 99 3 3 0 3 99 99 3 3 3 3 99 3 3 0 0 99 3 0 0 0 0 99 99 3 3 0 0 99 3 3 0 3 0 0 
<32,3> 99 99 99 0 0 3 0 99 3 3 3 0 99 3 3 0 3 99 3 3 3 0 99 0 99 3 3 3 3 99 0 3 0 3 99 3 0 0 3 99 99 3 3 0 3 99 3 3 3 3 99 3 3 0 3 99 0 3 3 3 99 99 0 0 0 3 99 0 3 0 3 99 0 0 3 3 99 3 0 0 3 
<32,4> 99 99 99 3 3 0 3 99 3 3 0 0 99 3 3 3 3 99 0 3 0 0 99 99 0 0 3 0 99 0 0 3 3 99 0 3 3 3 99 0 0 3 0 99 99 3 0 3 3 99 0 3 3 0 99 3 3 3 0 99 3 3 3 0 99 99 3 3 3 0 99 3 0 3 3 99 0 0 3 3 99 3 0 0 3 
<32,5> 99 99 99 0 3 3 0 0 99 3 3 3 3 99 0 0 3 3 8 99 99 0 0 0 0 99 3 0 0 3 99 3 0 0 3 99 0 3 0 0 8 
<32,6> 99 99 99 0 0 0 0 0 99 3 0 3 0 99 0 3 3 0 99 99 3 3 3 3 99 0 0 3 3 99 3 3 0 3 99 3 0 0 3 99 99 3 0 0 0 99 0 0 0 0 0 99 3 3 0 0 99 99 0 0 0 3 99 0 0 0 3 99 3 3 0 3 0 
<32,7> 99 99 99 0 3 3 3 99 3 3 0 3 99 0 3 3 3 99 3 3 3 3 99 99 0 0 3 0 0 99 0 0 0 0 0 99 99 0 0 0 3 99 3 3 3 3 0 99 3 3 0 3 99 0 0 99 3 3 3 0 0 
<32,8> 99 0 0 99 99 0 0 0 3 0 99 3 0 0 3 99 0 3 0 0 99 0 99 0 0 3 0 99 0 3 0 0 99 3 0 0 3 
<32,9> 99 99 0 99 3 3 3 0 0 99 0 0 0 3 99 99 3 3 3 3 99 3 0 0 3 99 0 3 3 3 99 3 3 0 3 99 99 0 0 0 3 99 0 3 0 3 99 3 0 0 0 99 3 3 3 0 99 99 3 3 0 0 0 99 3 0 0 3 99 3 0 3 3 
<32,10> 99 99 0 99 3 0 0 0 99 3 3 3 3 99 0 0 0 3 99 99 3 0 3 3 99 0 0 3 0 99 0 3 3 0 99 0 3 3 3 99 99 3 3 3 3 99 3 3 0 0 99 3 0 3 3 99 0 3 0 3 99 99 0 0 3 3 0 99 3 0 3 3 99 0 0 3 0 
<32,11> 99 99 0 99 3 0 3 3 99 3 0 3 3 99 3 0 0 3 8 99 99 0 3 0 3 99 3 0 0 3 0 99 3 3 3 3 8 
<32,12> 99 99 99 0 0 3 0 0 99 0 0 0 0 99 0 0 3 3 99 99 3 3 3 3 99 0 0 3 0 99 3 3 3 3 99 3 3 3 3 99 0 99 0 0 3 3 0 99 0 3 0 0 99 99 3 3 3 3 99 3 0 3 0 99 3 0 3 3 99 3 3 0 0 
<32,13> 99 99 0 99 3 3 0 3 99 0 0 3 0 99 0 3 0 0 99 99 3 3 0 3 0 99 3 0 3 3 99 0 0 3 3 99 99 0 0 3 0 99 0 0 0 3 99 0 3 3 3 99 0 3 0 0 99 99 0 3 3 0 99 3 0 3 0 99 0 3 0 3 99 3 0 3 0 
<32,14> 99 99 0 99 0 0 0 0 99 0 3 0 0 0 99 0 99 0 0 3 0 99 0 0 3 0 99 0 3 3 0 99 0 99 0 0 0 0 99 0 3 0 0 99 3 3 0 0 99 99 0 3 3 0 99 3 0 0 0 99 3 3 0 0 99 0 0 3 0 
<32,15> 99 99 99 0 0 0 3 99 0 3 0 3 99 0 3 3 3 99 3 3 0 3 99 99 0 3 0 0 99 3 3 3 0 99 0 3 3 3 99 3 3 0 3 99 0 99 0 0 0 0 99 0 0 3 0 99 0 3 3 3 99 99 3 0 3 0 0 99 0 0 0 3 99 3 0 3 0 
<32,16> 99 99 99 3 3 0 0 99 3 3 0 3 99 0 3 3 3 99 0 3 0 3 99 99 0 3 0 3 99 3 3 3 3 99 0 0 3 3 99 3 3 3 3 99 0 0 99 0 0 3 0 0 99 99 3 0 3 3 99 0 0 3 3 99 3 0 0 0 99 0 0 3 3 
<32,17> 99 99 99 0 0 3 0 0 99 3 3 3 3 99 0 0 3 3 8 99 99 0 0 0 0 99 3 3 3 3 99 3 3 0 0 99 3 3 0 0 8 
<32,18> 99 99 99 0 0 0 0 99 3 0 3 3 99 0 3 3 0 99 3 3 3 3 99 99 3 0 0 3 99 0 0 3 3 99 0 0 3 3 99 0 3 0 0 99 99 0 3 3 0 0 99 3 3 0 0 99 3 3 3 0 99 99 3 3 3 3 0 0 99 3 3 3 0 
<32,19> 99 99 99 0 3 3 3 99 0 3 3 3 99 3 0 0 3 99 0 0 3 3 99 99 3 3 3 3 99 0 3 3 0 99 0 3 3 0 99 0 0 0 3 99 99 3 0 0 3 99 3 3 0 3 99 3 3 3 3 99 3 3 0 0 99 0 99 0 3 0 0 99 0 0 3 3 99 0 0 0 0 
<32,20> 99 99 99 0 0 0 3 99 0 0 3 3 0 99 0 3 0 0 99 99 3 0 3 3 99 3 3 3 3 0 0 99 99 3 3 0 3 99 0 0 0 0 99 0 3 3 3 99 3 3 3 3 0 
<32,21> 99 99 99 0 0 3 3 99 0 3 0 3 99 0 0 0 0 99 0 0 3 0 0 99 0 99 3 3 0 0 99 0 0 0 0 99 0 3 3 3 99 0 0 99 3 0 0 0 99 0 0 3 3 
<32,22> 99 99 99 0 3 0 0 99 0 0 0 0 0 0 99 99 0 0 0 3 99 3 3 3 0 99 0 0 0 0 99 0 3 0 3 99 99 0 3 0 0 0 99 0 0 3 3 99 0 3 3 0 99 0 99 0 0 0 0 99 0 0 0 0 99 0 0 0 0 
<32,23> 99 99 99 0 0 0 0 99 3 0 3 0 99 0 3 0 0 99 0 3 0 3 8 0 8 
<32,24> 99 99 99 0 0 0 3 99 0 0 0 0 99 3 3 3 3 99 0 0 3 3 99 99 3 0 0 0 99 0 3 0 0 99 0 0 0 0 99 0 3 0 3 8 8 
<32,25> 99 99 99 3 0 3 0 0 99 0 0 3 3 99 0 0 3 0 99 99 3 0 3 3 0 99 3 0 0 0 99 3 3 3 3 8 8 
<32,26> 99 99 99 0 0 3 0 99 3 3 3 3 99 3 0 3 3 99 0 3 3 3 99 99 3 3 0 3 99 3 3 3 3 99 0 0 3 3 99 0 0 3 3 8 8 
<32,27> 99 99 0 99 3 3 3 0 99 0 0 3 3 99 3 3 3 3 99 99 3 3 3 0 99 0 0 0 0 99 0 3 3 3 99 3 3 3 3 8 8 
<32,28> 99 99 99 3 3 0 3 99 3 0 3 0 99 0 0 0 3 99 0 3 3 3 99 99 0 0 3 0 99 0 3 0 3 99 3 3 0 0 99 3 0 3 3 8 8 
<32,29> 99 99 99 3 3 3 0 99 3 3 3 3 99 0 0 3 0 99 3 3 3 3 8 8 8 
<40,0> 99 99 99 3 3 3 3 99 3 3 3 3 99 3 3 3 0 99 3 0 0 3 99 99 3 3 3 3 99 0 0 0 0 99 0 3 0 3 99 0 0 3 0 99 99 3 3 0 0 99 0 3 3 3 99 3 3 0 0 99 0 0 0 3 99 99 3 0 3 0 99 0 0 3 0 99 0 0 3 3 0 
<40,1> 99 99 99 0 3 0 3 99 0 3 3 3 99 0 3 0 3 99 3 3 0 3 99 99 0 3 3 0 99 0 3 3 3 99 3 0 0 3 99 3 0 0 0 99 99 0 3 0 0 99 0 0 3 3 99 0 0 0 3 99 0 3 0 3 99 99 0 3 3 0 0 99 3 0 0 0 0 
<40,2> 99 99 99 3 0 3 0 99 3 0 0 3 99 0 0 0 0 99 0 3 0 0 99 99 3 3 3 3 99 3 3 0 3 99 3 3 0 3 99 0 3 3 3 0 0 
<40,3> 99 99 99 0 0 0 3 99 0 0 0 3 0 99 3 0 3 3 99 99 3 3 0 0 99 3 0 3 3 0 99 0 3 0 0 99 99 3 0 0 0 0 99 0 3 0 0 99 3 3 3 3 99 99 3 0 0 3 99 0 3 0 0 99 0 3 0 3 99 3 3 3 3 
<40,4> 99 99 99 0 3 0 3 99 3 0 0 3 99 3 0 3 0 99 3 3 3 3 99 99 3 3 0 3 99 0 0 0 0 99 3 0 3 3 99 0 3 3 0 99 99 3 0 3 3 0 99 3 0 0 0 99 3 3 3 3 99 99 0 3 3 0 99 0 0 0 0 0 99 0 3 3 3 
<40,5> 99 99 99 3 0 3 3 99 3 0 0 0 99 0 3 0 3 99 3 3 3 3 8 99 99 3 0 0 3 99 3 0 0 3 99 3 3 3 3 99 0 3 0 3 8 
<40,6> 99 99 99 0 0 3 3 0 99 3 3 3 3 99 3 3 3 3 99 0 99 3 3 0 0 99 0 3 0 0 99 3 0 3 0 99 99 0 0 0 3 99 0 0 3 3 99 0 0 0 0 99 3 3 3 0 99 0 99 3 3 3 3 99 3 0 3 3 99 3 0 3 3 
<40,7> 99 99 99 3 3 3 3 99 0 0 3 0 99 3 0 0 3 99 3 0 3 0 0 99 99 0 3 0 3 99 0 0 3 3 99 3 3 0 3 99 3 3 0 0 99 99 0 0 0 3 99 0 0 3 0 99 3 0 3 0 99 0 0 0 3 
<40,8> 99 0 99 0 0 0 99 0 0 3 3 99 99 0 3 3 0 99 0 3 3 0 99 0 0 0 3 0 99 99 0 0 3 3 99 0 0 0 0 0 99 3 0 0 0 
<40,9> 99 99 0 99 3 3 0 0 0 99 0 3 0 3 99 99 3 3 0 0 99 0 3 3 3 99 3 0 3 3 99 0 3 3 0 99 99 3 3 3 0 99 3 3 3 0 99 3 3 3 3 99 3 3 3 3 99 99 3 0 3 0 99 0 0 0 3 99 3 3 3 3 99 3 3 3 0 
<40,10> 99 99 99 0 0 3 3 0 99 3 0 3 3 99 3 0 3 0 99 99 3 0 3 0 0 0 99 0 3 0 0 99 99 3 3 0 3 99 0 3 0 0 99 0 0 3 3 99 0 0 0 3 99 99 3 3 3 0 0 99 3 0 3 3 99 3 3 0 3 
<40,11> 99 99 99 0 0 3 0 99 0 3 3 3 99 0 3 0 3 99 3 3 0 0 8 99 99 0 0 0 0 99 0 3 3 0 99 3 0 0 0 99 0 3 0 0 8 
<40,12> 99 99 99 0 0 3 3 99 0 0 0 3 99 3 3 0 0 99 3 3 0 3 99 99 3 3 0 0 99 0 3 3 3 99 3 3 3 3 99 3 3 0 3 99 99 0 0 0 3 99 0 0 0 3 99 0 0 0 3 99 3 0 0 0 99 0 99 0 3 0 3 99 0 3 0 3 99 0 0 0 0 
<40,13> 99 99 99 3 3 0 0 99 3 3 3 3 99 0 0 0 3 0 99 99 0 0 0 0 0 99 3 0 3 0 99 3 3 0 3 99 99 3 3 3 0 99 3 3 0 3 99 0 3 0 0 99 0 3 3 3 99 99 0 3 0 0 99 3 0 0 0 99 3 3 0 3 0 
<40,14> 99 99 99 0 3 3 0 99 0 0 0 0 99 0 0 0 0 0 99 99 3 0 0 0 99 3 0 3 3 99 3 3 0 0 0 99 0 99 0 3 0 3 0 99 3 3 0 0 99 99 0 0 0 3 0 0 0 
<40,15> 99 99 99 3 0 3 0 99 0 0 3 0 99 0 0 0 0 99 3 0 3 3 99 99 3 3 0 3 99 3 3 3 0 0 99 3 3 0 0 99 0 99 3 3 3 0 99 0 0 0 0 99 3 3 0 0 99 0 99 0 0 0 0 0 99 0 3 0 0 
<40,16> 99 99 99 0 3 0 3 99 3 3 3 3 99 3 3 0 3 99 0 0 3 3 99 0 99 3 3 0 0 99 3 3 0 3 99 3 0 3 0 99 99 0 0 0 0 99 3 0 0 0 99 3 0 0 0 99 0 0 3 3 99 99 3 3 0 3 99 3 0 0 0 99 0 0 0 0 99 3 3 3 0 
<40,17> 99 99 99 3 0 3 3 99 0 0 3 0 99 0 3 0 0 99 3 3 3 3 8 99 99 0 0 3 0 99 3 3 3 3 99 0 0 0 3 99 3 0 0 3 8 
<40,18> 99 99 99 0 0 0 3 99 3 0 3 3 99 3 3 3 3 99 3 3 0 0 99 99 3 0 3 0 99 3 3 0 3 99 3 0 3 0 99 3 0 3 0 99 99 3 3 3 3 99 0 3 3 0 99 0 0 0 3 99 0 3 0 3 99 99 3 0 0 0 99 3 0 0 3 99 0 0 3 0 99 3 3 0 3 
<40,19> 99 99 99 0 0 0 3 99 3 0 0 3 0 99 0 3 0 3 99 99 3 3 3 3 99 0 0 3 0 99 3 0 3 3 99 0 0 3 3 99 99 0 0 0 3 99 0 0 3 0 99 0 0 3 3 99 0 0 0 0 99 99 0 0 0 3 99 3 3 0 0 99 0 3 0 3 99 3 3 3 3 
<40,20> 99 99 99 3 0 0 3 0 99 0 0 0 0 0 99 99 0 0 0 3 99 3 3 0 3 0 0 99 99 3 0 3 3 99 0 0 3 0 99 3 3 0 0 99 3 3 3 3 99 0 0 99 0 0 3 3 0 
<40,21> 99 99 0 99 3 0 0 0 0 99 0 0 3 0 0 99 99 0 0 0 0 99 0 3 0 3 99 0 0 0 0 99 0 0 0 3 99 99 0 0 3 0 0 99 0 0 3 0 99 3 3 0 3 
<40,22> 99 0 99 99 0 3 0 0 99 3 0 0 0 0 99 0 0 0 0 99 0 99 0 0 0 0 99 3 3 3 3 99 0 3 3 0 0 
<40,23> 99 99 99 3 3 0 3 99 0 0 3 3 99 3 0 0 0 99 0 0 0 0 8 99 0 0 99 0 0 3 0 99 0 0 3 3 8 
<40,24> 99 99 99 0 0 3 0 99 3 0 0 0 99 3 0 0 0 99 3 3 0 3 99 99 3 0 0 0 0 99 0 0 3 0 0 8 8 
<40,25> 99 99 0 99 0 0 3 3 0 99 3 0 0 3 99 99 0 3 0 3 0 99 0 3 0 0 99 3 3 0 0 8 8 
<40,26> 99 99 99 0 0 0 3 0 99 3 0 3 0 99 3 3 3 3 99 99 0 0 0 3 99 3 0 0 0 99 3 3 3 3 99 3 0 3 3 8 8 
<40,27> 99 99 0 99 3 3 3 0 99 0 3 3 3 99 3 3 0 3 99 99 3 3 0 3 99 0 3 0 0 99 0 3 3 3 99 3 3 3 3 8 8 
<40,28> 99 99 99 0 0 0 0 99 3 3 0 0 99 0 3 3 0 99 3 3 3 3 99 99 3 3 3 0 99 3 3 3 3 99 3 3 3 3 99 3 3 3 0 8 8 
<40,29> 99 99 99 0 3 3 0 99 3 0 0 3 99 0 0 3 3 99 3 3 3 3 8 8 8 
<48,0> 99 99 99 3 3 3 3 99 3 3 3 3 99 0 3 0 0 99 0 0 3 3 99 99 3 3 3 0 99 0 3 3 3 99 0 3 0 3 99 3 3 3 3 99 99 3 3 3 3 99 3 3 3 3 99 3 0 0 0 99 0 0 0 3 99 99 3 3 0 0 99 0 0 3 0 99 0 0 0 3 0 
<48,1> 99 99 99 0 3 3 3 99 0 3 3 3 99 3 3 3 3 99 3 3 0 0 99 99 3 0 3 0 99 0 3 3 0 99 0 0 3 3 99 3 0 0 3 99 0 99 0 0 3 0 99 0 3 0 3 99 0 3 3 3 99 99 0 3 3 0 99 3 0 3 0 99 0 3 0 0 0 
<48,2> 99 99 99 0 0 3 0 99 0 3 3 3 99 0 0 3 0 0 99 99 3 3 0 3 99 3 3 3 3 0 0 0 0 
<48,3> 99 99 99 0 0 0 3 99 0 0 0 3 99 3 3 0 3 99 3 0 3 0 99 99 3 3 0 3 0 99 0 0 3 3 99 3 3 0 0 99 0 99 0 3 0 3 0 0 99 99 0 0 3 0 99 0 0 3 3 99 3 3 0 3 99 3 3 3 3 
<48,4> 99 99 99 0 3 0 3 99 3 0 3 0 99 3 0 3 3 99 3 3 0 0 99 99 3 0 3 3 99 0 0 0 3 99 3 0 0 3 99 0 3 3 3 99 99 3 3 0 3 99 0 3 0 3 99 3 3 0 0 99 3 3 0 3 99 99 0 0 3 0 99 0 3 0 0 99 3 3 3 0 99 0 0 0 0 
<48,5> 99 99 99 3 0 3 0 99 3 3 0 0 99 3 3 3 3 99 3 0 3 3 8 99 99 0 0 0 0 99 3 3 3 3 99 3 3 0 3 99 0 0 3 3 8 
<48,6> 99 99 99 0 0 3 3 99 0 3 0 0 99 3 3 3 0 99 0 3 0 0 99 99 0 0 3 3 99 3 3 3 0 99 3 3 0 0 99 3 0 3 0 99 99 3 0 0 0 99 0 3 3 3 99 0 0 0 0 99 0 0 0 0 99 99 3 0 3 0 99 3 0 0 3 99 0 3 3 3 99 3 3 3 0 
<48,7> 99 99 99 3 3 0 3 99 0 3 3 0 99 3 3 3 0 99 3 3 3 3 99 0 0 99 3 0 3 0 99 0 0 3 0 99 99 0 3 0 3 99 0 3 0 3 99 0 0 0 0 99 0 0 0 3 99 99 3 3 3 3 99 0 0 0 3 99 0 0 3 0 99 0 0 0 0 
<48,8> 99 99 0 0 99 0 0 3 3 99 0 0 3 3 99 0 0 99 0 3 3 0 99 0 3 3 3 0 0 
<48,9> 99 99 0 0 99 0 3 3 0 99 3 0 0 3 99 99 0 3 0 3 99 0 3 3 0 99 0 0 0 0 99 3 3 0 3 99 0 99 0 0 0 0 99 3 0 0 0 99 0 0 3 0 99 99 0 3 0 3 99 3 0 0 3 99 3 3 3 3 99 3 3 3 0 
<48,10> 99 99 99 0 0 3 3 0 99 3 3 3 3 99 3 0 3 3 99 99 3 3 3 0 99 0 3 3 3 99 3 0 3 0 99 0 0 3 0 99 99 3 3 3 3 99 3 3 0 3 99 0 3 3 0 99 0 3 3 0 99 99 3 3 3 3 0 99 3 3 3 3 99 3 0 3 3 
<48,11> 99 99 0 99 0 0 3 3 99 0 3 3 0 99 3 3 3 0 8 99 99 3 3 3 3 99 0 3 0 3 0 99 3 3 0 3 8 
<48,12> 99 99 99 0 0 3 3 99 3 3 0 0 0 99 3 3 3 0 99 99 3 3 3 3 99 0 0 3 3 99 3 3 3 0 99 3 3 0 3 99 0 99 0 0 3 3 99 3 3 0 3 0 99 99 0 0 3 3 99 3 0 3 3 99 3 3 3 0 99 0 3 0 0 
<48,13> 99 99 0 0 0 99 3 0 3 0 99 99 3 3 0 3 0 99 0 3 0 0 99 3 3 0 3 99 99 0 0 3 3 99 3 0 0 0 99 3 0 0 3 99 3 0 0 0 99 99 3 3 0 3 99 3 0 3 3 99 3 0 3 0 99 3 3 0 3 
<48,14> 99 99 99 0 0 0 0 99 3 3 0 0 99 0 0 3 0 99 3 3 0 0 0 99 0 99 0 0 3 0 99 0 0 0 0 99 0 0 0 3 99 99 0 0 0 3 99 0 0 3 3 99 0 0 0 0 0 
<48,15> 99 99 99 0 3 3 0 99 0 0 0 0 0 0 99 99 0 3 0 3 99 3 3 0 0 99 0 3 0 0 0 99 99 3 3 3 3 0 99 0 0 0 3 0 99 99 0 0 0 0 0 99 3 3 3 0 0 
<48,16> 99 99 99 0 3 3 3 99 3 3 0 3 99 3 0 3 3 0 99 0 99 3 3 0 3 99 3 3 3 3 0 99 0 99 3 3 0 0 99 0 3 3 3 99 0 0 3 0 99 99 0 3 3 0 99 3 0 3 3 0 99 3 3 3 3 
<48,17> 99 99 99 3 3 3 3 99 0 0 3 0 99 3 0 0 0 99 3 3 3 3 8 99 0 99 0 3 0 3 99 3 3 3 3 99 3 0 0 0 8 
<48,18> 99 99 99 0 0 0 3 99 3 0 3 3 99 3 0 3 3 99 3 0 3 0 99 99 3 0 3 3 99 3 0 0 3 99 3 3 0 3 0 99 99 0 0 0 3 0 99 3 3 0 3 99 0 0 3 0 99 99 0 3 3 0 99 3 0 0 3 0 99 0 3 3 0 
<48,19> 99 99 99 0 3 3 3 99 3 0 0 3 99 0 0 0 0 99 3 3 3 3 99 99 3 3 3 0 99 0 0 3 3 99 3 0 0 0 99 0 3 0 0 99 0 99 0 0 3 3 99 0 0 0 3 0 99 99 3 3 0 0 0 99 0 3 3 3 99 0 3 3 0 
<48,20> 99 99 99 3 3 3 0 99 0 3 0 0 99 3 3 3 3 99 3 0 3 3 99 99 3 3 0 0 99 0 0 0 0 99 0 3 0 0 0 99 99 0 0 3 0 99 3 3 0 3 99 3 0 3 0 0 99 0 0 99 0 3 3 3 99 0 0 3 3 
<48,21> 99 99 99 3 0 0 0 0 0 99 0 0 0 3 99 99 3 0 3 0 0 0 0 99 0 99 0 3 3 0 0 99 0 0 0 3 99 99 3 0 3 3 99 0 3 0 0 99 0 3 3 3 99 3 3 0 3 
<48,22> 99 99 0 0 0 0 0 99 0 0 99 3 0 3 3 99 0 0 3 0 0 
<48,23> 99 99 99 3 3 3 0 99 0 0 3 3 99 0 0 3 0 99 3 3 0 3 8 99 99 0 0 0 3 99 0 3 0 0 99 0 0 3 0 99 0 0 3 3 8 
<48,24> 99 99 99 0 3 3 3 99 3 3 3 0 99 3 3 0 3 99 3 3 3 3 99 0 99 0 3 3 3 0 99 0 3 0 3 8 8 
<48,25> 99 99 99 3 3 3 0 0 99 0 3 0 3 99 0 3 0 3 99 99 0 3 0 0 99 3 0 0 3 99 0 0 0 0 99 0 3 0 3 8 8 
<48,26> 99 99 99 0 3 0 3 99 3 0 0 0 99 3 3 3 0 99 3 3 3 3 99 0 99 3 3 0 0 99 3 3 0 0 99 0 0 0 0 8 8 
<48,27> 99 99 99 3 0 3 0 99 0 0 0 3 99 3 0 3 0 99 3 3 3 3 99 99 3 3 3 0 99 3 3 0 3 99 0 0 3 3 99 3 3 3 3 8 8 
<48,28> 99 99 99 0 3 3 3 99 3 3 0 3 99 0 0 3 3 99 3 0 3 3 99 99 3 0 3 0 99 3 3 3 3 99 3 3 3 3 99 0 0 0 3 8 8 
<48,29> 99 99 99 0 0 3 0 99 3 3 0 0 99 0 3 0 3 99 0 3 0 3 8 8 8 
<56,0> 99 99 99 3 3 3 3 99 3 3 3 0 99 3 3 0 0 99 3 0 3 3 99 99 3 3 0 0 0 99 0 3 0 3 99 3 0 3 0 99 99 0 3 3 3 99 3 3 0 3 99 3 3 0 0 99 0 0 0 3 99 99 3 0 0 0 0 99 0 0 0 3 0 
<56,1> 99 99 99 0 3 0 3 99 0 0 3 3 99 0 3 3 0 99 3 3 0 3 99 99 0 3 3 3 99 0 3 3 3 99 0 0 0 0 99 3 0 0 3 99 99 3 0 0 3 99 0 0 0 3 99 3 0 0 3 99 0 0 0 3 99 99 0 3 3 0 99 0 3 0 3 99 3 3 0 3 99 3 3 0 3 
<56,2> 99 99 99 0 3 3 0 99 3 0 0 3 99 0 3 3 3 99 0 3 0 3 99 99 3 0 0 3 99 3 3 0 3 99 3 3 3 0 99 0 3 3 3 99 99 0 3 3 3 99 3 0 0 0 0 0 0 
<56,3> 99 99 99 3 0 3 3 99 0 3 0 3 99 3 3 0 3 99 0 0 3 3 99 99 3 0 0 3 99 3 0 3 0 0 99 3 0 0 3 99 0 99 3 3 3 3 0 99 0 0 0 0 99 99 0 0 0 3 99 0 0 0 0 99 3 3 3 3 99 3 3 3 3 
<56,4> 99 99 99 0 3 0 3 99 0 3 0 0 99 3 3 0 3 0 99 99 3 3 0 3 99 0 0 0 0 99 3 3 0 0 0 99 99 0 3 3 3 99 0 0 0 3 99 3 3 0 0 99 3 3 3 3 99 99 3 3 3 3 0 99 0 3 3 3 99 3 3 3 3 
<56,5> 99 99 99 0 3 3 0 0 99 3 3 0 3 99 0 0 0 3 8 99 99 0 0 0 0 99 3 3 3 3 99 0 3 3 0 99 3 0 0 0 8 
<56,6> 99 99 99 0 0 0 0 99 0 3 3 0 99 0 0 3 3 99 3 3 3 0 99 0 0 99 3 3 0 0 0 99 99 0 0 0 3 99 0 0 3 0 99 0 0 0 3 99 3 0 3 3 99 99 3 3 3 0 99 3 0 3 3 99 3 0 0 3 99 3 3 0 3 
<56,7> 99 99 99 0 3 0 0 99 0 0 3 3 99 3 0 0 0 99 3 3 3 3 99 99 0 3 3 0 99 0 0 0 0 99 0 0 3 3 99 3 0 3 3 99 99 0 3 3 3 99 3 3 0 0 99 3 3 0 0 0 99 99 3 3 3 0 99 3 0 3 0 99 3 3 3 0 0 
<56,8> 99 99 99 0 0 0 0 99 0 0 3 0 0 99 0 3 3 3 99 99 0 0 0 3 99 0 0 0 0 99 0 3 3 0 99 0 0 3 0 99 0 0 99 0 0 0 3 99 0 0 3 3 99 0 99 3 0 0 0 99 0 3 3 3 99 3 0 3 3 
<56,9> 99 99 0 0 99 0 3 0 0 99 0 3 0 3 99 99 0 3 3 3 99 3 0 3 0 99 0 0 3 3 99 3 3 3 0 99 99 0 0 0 0 0 99 0 3 0 3 99 3 0 3 3 99 99 3 3 3 0 0 0 99 0 0 0 3 
<56,10> 99 99 99 0 0 3 3 0 99 0 3 3 3 99 0 0 3 0 99 99 3 0 0 3 99 3 0 3 0 99 3 3 3 3 99 0 3 0 3 99 99 3 3 3 3 99 3 3 3 3 99 0 3 3 3 99 0 0 0 3 99 99 0 3 3 3 0 99 3 0 3 0 99 0 0 3 3 
<56,11> 99 99 0 99 3 0 3 3 99 3 3 3 0 99 0 0 0 0 8 99 99 3 0 0 0 99 3 0 3 3 0 99 0 3 0 0 8 
<56,12> 99 99 99 3 3 3 3 99 0 0 0 0 99 0 3 0 0 99 3 3 0 3 99 99 3 3 3 3 99 0 0 0 3 99 3 3 0 3 99 0 3 0 0 99 99 0 0 3 3 99 0 0 0 3 99 0 0 0 3 99 3 0 0 0 99 0 99 3 3 3 3 99 3 3 3 0 99 0 3 0 0 
<56,13> 99 99 0 0 0 99 0 0 3 0 99 99 0 3 0 3 99 0 0 3 0 0 99 3 0 0 0 99 99 3 3 0 0 99 0 3 0 0 99 3 3 0 0 99 0 0 0 0 99 0 99 3 3 3 3 99 0 0 0 0 99 3 3 0 3 
<56,14> 99 99 99 0 3 0 3 99 3 3 0 0 0 0 99 99 0 3 0 0 0 99 0 3 0 3 99 0 3 3 3 99 0 0 99 0 3 3 0 99 0 3 3 3 99 99 3 3 0 0 99 3 0 3 0 99 3 3 3 0 99 3 3 3 0 
<56,15> 99 99 99 0 0 3 0 99 0 3 0 0 99 3 0 3 3 99 0 0 0 0 99 99 0 0 0 0 99 3 3 0 3 99 0 3 3 0 99 0 0 3 0 99 99 3 0 0 3 99 3 3 0 0 99 3 0 3 3 0 99 99 3 0 3 3 99 0 0 0 0 99 0 3 0 0 99 0 0 0 3 
<56,16> 99 99 99 0 3 3 0 99 0 3 0 3 99 0 3 0 3 0 99 0 99 3 3 0 3 99 3 0 3 0 99 3 0 3 0 99 0 99 3 0 0 3 99 3 0 0 3 99 0 0 3 0 99 99 0 3 3 0 99 3 0 3 3 99 0 0 0 3 0 
<56,17> 99 99 99 3 0 3 3 99 0 0 0 3 99 0 3 0 3 99 0 0 3 3 8 99 0 99 0 0 0 3 99 3 3 3 0 99 3 0 0 0 8 
<56,18> 99 99 99 0 3 0 3 99 3 3 0 0 99 0 3 0 3 99 0 3 0 3 99 99 0 3 3 3 99 3 3 0 3 99 3 3 0 0 99 0 0 0 0 99 99 0 0 0 3 99 0 3 3 0 99 3 0 0 0 99 0 0 3 0 99 99 3 3 0 0 99 0 0 3 3 99 3 3 0 0 99 3 3 3 0 
<56,19> 99 99 99 0 0 3 3 99 3 0 0 0 0 99 0 0 3 0 99 99 0 0 0 0 99 3 0 0 0 99 3 0 0 0 0 99 99 0 0 0 3 99 0 3 3 0 99 0 0 3 3 99 0 3 0 0 99 99 3 0 0 3 0 99 3 3 3 3 99 3 3 0 3 
<56,20> 99 99 99 0 0 3 0 0 99 3 3 0 3 99 3 0 0 3 99 0 99 0 3 0 0 99 3 0 0 0 0 99 99 3 3 3 3 99 0 0 3 0 0 0 99 99 0 0 3 3 99 0 0 3 0 99 3 3 0 0 99 3 3 3 3 
<56,21> 99 0 99 99 3 0 0 0 0 99 0 0 0 0 0 99 99 0 0 0 0 99 0 0 3 3 0 99 0 3 0 0 99 99 3 0 3 3 99 0 0 0 0 99 0 0 0 3 99 0 3 3 3 
<56,22> 99 0 99 99 3 3 0 0 99 3 3 0 0 0 99 3 3 0 0 99 0 0 99 3 0 3 3 99 3 3 3 0 0 
<56,23> 99 99 99 3 3 3 0 99 3 0 0 3 99 3 3 3 0 99 0 3 0 3 8 99 99 0 3 3 0 99 0 0 0 0 99 3 0 0 3 99 0 0 3 3 8 
<56,24> 99 99 99 0 0 0 0 99 0 3 0 0 99 3 3 3 3 99 3 3 3 3 99 99 3 0 0 3 99 0 0 0 0 99 0 3 0 0 99 3 3 3 0 8 8 
<56,25> 99 99 99 3 0 3 3 99 0 0 3 3 99 3 0 3 3 99 3 3 0 3 99 99 3 0 0 3 99 3 3 3 3 0 99 0 3 3 3 8 8 
<56,26> 99 99 99 0 3 3 3 0 99 3 3 3 3 99 0 0 3 3 99 0 99 0 0 3 3 99 0 3 3 3 99 3 3 3 3 8 8 
<56,27> 99 99 0 99 0 0 0 3 99 3 0 3 3 99 0 0 3 0 99 99 3 3 0 3 99 0 3 0 0 99 3 0 3 3 99 3 3 3 3 8 8 
<56,28> 99 99 99 3 3 0 0 99 3 3 0 3 99 3 3 3 3 99 3 3 3 3 99 99 3 3 3 3 99 3 3 3 3 99 3 3 0 3 99 0 0 0 0 8 8 
<56,29> 99 99 99 3 0 3 0 99 3 3 0 0 99 0 0 3 3 99 3 3 0 3 8 8 8 
<64,0> 99 99 99 3 3 3 3 99 3 3 3 3 99 0 3 0 3 99 0 0 0 3 99 99 3 3 0 3 99 0 0 0 3 99 0 0 3 3 99 3 3 0 3 99 99 3 3 3 3 99 0 3 3 3 99 3 3 0 0 99 0 0 0 3 99 99 0 3 3 0 99 0 0 3 0 0 0 
<64,1> 99 99 99 3 3 0 3 99 0 3 3 3 99 3 3 3 3 99 3 3 0 0 99 99 0 3 3 3 99 3 0 3 0 99 3 0 0 3 99 0 3 0 3 99 0 99 3 0 3 3 0 99 0 0 3 3 99 0 99 0 0 3 3 99 0 3 3 0 99 3 0 0 0 
<64,2> 99 99 99 3 0 3 0 99 0 3 0 0 99 0 3 3 3 0 99 99 3 3 3 0 99 3 3 0 3 0 0 99 0 0 0 0 0 
<64,3> 99 99 99 0 3 3 3 99 0 0 3 3 99 0 3 0 0 99 3 3 0 0 99 99 0 3 3 0 99 3 0 3 3 99 0 0 3 0 99 0 3 0 0 0 99 99 3 0 3 3 0 99 3 3 0 3 99 3 3 3 3 
<64,4> 99 99 99 0 0 3 0 99 3 3 3 3 99 0 3 3 3 99 3 0 3 0 99 99 3 3 3 3 99 0 3 0 0 99 0 0 0 3 99 0 0 0 3 99 99 0 3 0 3 0 99 3 3 3 0 99 3 3 3 3 99 99 0 0 3 0 0 0 99 0 0 3 3 
<64,5> 99 99 99 3 0 3 3 99 3 3 0 3 99 3 0 3 0 99 3 0 3 3 8 99 99 3 3 3 3 99 0 3 0 0 99 0 0 0 0 99 0 0 0 3 8 
<64,6> 99 99 99 0 0 0 0 0 99 3 3 3 3 99 0 3 0 0 99 99 0 0 3 3 0 99 0 3 0 0 99 3 0 0 0 99 99 0 0 3 3 99 0 0 0 3 99 3 0 3 3 99 0 3 0 0 99 99 3 0 3 3 99 3 3 0 3 99 3 0 0 3 99 3 3 0 3 
<64,7> 99 99 99 0 3 3 0 99 0 0 0 3 99 0 3 3 3 99 3 3 3 0 99 99 3 3 3 0 0 99 0 0 0 3 99 3 0 3 0 99 99 3 3 3 3 99 3 3 3 0 99 0 3 0 0 0 99 99 3 3 3 0 99 3 0 0 0 99 0 0 0 3 99 0 0 0 0 
<64,8> 99 99 99 0 0 0 0 0 99 0 0 0 0 99 0 0 3 3 99 0 99 0 0 3 0 99 0 3 3 0 99 3 0 0 0 99 99 0 0 0 0 99 0 0 0 0 0 99 0 3 0 0 99 99 0 0 0 0 0 99 0 0 3 0 0 
<64,9> 99 99 99 0 0 0 0 99 0 0 0 3 99 3 0 0 3 99 0 0 3 0 99 99 0 0 3 0 99 3 3 3 3 99 0 0 0 3 99 0 0 3 3 99 99 0 0 0 3 99 3 0 0 0 99 0 0 0 3 99 3 3 0 3 99 99 0 0 0 3 99 0 0 3 3 99 0 3 0 3 99 3 3 3 0 
<64,10> 99 99 99 3 0 3 0 0 99 0 0 0 3 99 3 0 0 3 99 0 99 0 3 3 3 99 3 0 3 0 99 0 3 0 3 99 99 0 3 0 0 99 3 0 0 0 99 3 3 3 3 99 3 0 0 0 99 99 3 3 3 3 99 3 0 0 0 99 3 0 3 0 99 3 3 3 0 
<64,11> 99 99 99 3 0 0 0 99 0 0 0 3 99 3 0 3 0 99 0 3 0 3 8 99 99 0 3 0 0 99 0 0 3 3 99 0 3 3 0 99 3 3 0 3 8 
<64,12> 99 99 99 0 0 3 3 99 0 0 3 0 99 3 0 0 0 99 3 0 0 3 99 99 3 3 3 3 99 3 0 3 3 99 3 3 0 3 99 0 3 3 0 99 99 0 0 3 3 99 0 3 0 3 99 0 0 0 3 99 3 3 3 3 99 99 3 0 3 3 99 0 3 3 0 99 0 3 3 3 99 3 3 3 0 
<64,13> 99 99 99 0 0 3 0 99 0 0 0 0 99 3 0 3 0 99 0 0 0 0 99 99 0 3 0 0 99 3 0 0 0 0 99 0 0 0 0 99 99 3 0 3 3 99 0 3 3 3 99 3 3 0 0 99 0 3 0 3 99 99 0 3 3 0 99 0 3 3 3 99 0 0 3 0 99 0 3 0 0 
<64,14> 99 99 99 3 0 0 0 99 3 3 3 0 99 0 0 0 0 99 0 0 0 3 99 99 0 0 0 3 99 3 0 0 3 99 3 3 3 3 99 3 0 0 3 99 99 0 0 0 0 0 99 0 0 0 0 99 0 3 0 3 99 99 0 0 3 3 99 0 3 0 0 99 3 3 0 0 99 0 3 3 0 
<64,15> 99 99 0 0 99 0 0 3 0 99 0 0 0 0 99 0 99 0 3 0 3 99 0 3 0 3 99 0 0 0 0 99 99 3 0 3 3 99 3 3 0 0 99 3 0 3 3 99 0 3 3 3 99 99 0 0 3 0 99 0 0 0 3 99 3 0 3 3 99 0 0 0 3 
<64,16> 99 99 99 3 3 0 3 99 3 0 0 0 99 3 3 0 0 99 0 3 0 0 99 99 3 0 3 0 99 3 3 0 0 99 3 3 3 0 99 3 0 3 3 99 99 0 0 3 0 99 3 3 0 0 99 3 0 0 0 99 0 3 0 3 99 99 0 3 0 3 99 3 3 0 3 99 0 0 0 0 99 3 0 3 0 
<64,17> 99 99 99 0 3 3 3 99 0 0 3 3 99 0 3 0 0 99 3 3 3 3 8 99 99 0 0 3 0 99 0 0 3 3 99 3 3 0 0 99 0 3 3 3 8 
<64,18> 99 99 99 0 3 3 0 99 0 3 0 3 99 0 3 3 3 99 3 3 3 3 99 99 3 0 3 0 99 3 3 0 3 99 3 3 0 0 99 3 0 0 0 99 99 3 3 0 3 99 3 0 3 3 99 0 0 0 0 0 99 99 0 0 3 0 99 3 0 0 3 99 0 0 3 0 99 0 3 0 3 
<64,19> 99 99 99 0 3 3 3 99 3 3 0 3 99 0 0 0 0 0 0 99 99 0 0 0 3 99 0 0 3 3 99 0 3 3 3 99 0 0 0 3 99 99 0 3 0 3 99 3 0 0 0 99 0 0 0 3 99 3 0 3 3 
<64,20> 99 99 99 0 0 0 3 0 99 3 3 0 0 99 3 3 0 3 99 99 3 3 3 3 99 0 3 0 3 99 3 0 0 0 99 3 0 0 3 99 99 3 0 0 3 99 0 0 3 0 0 99 3 3 3 3 99 99 0 3 0 0 99 0 0 0 3 99 0 3 3 3 99 3 3 3 3 
<64,21> 99 0 99 0 0 99 0 0 0 0 0 99 99 0 3 0 3 99 0 0 0 0 99 0 0 3 0 99 0 3 0 0 99 99 3 3 0 3 99 0 0 3 3 99 0 0 0 0 99 3 0 3 0 
<64,22> 99 0 99 99 0 0 0 0 99 3 0 0 3 99 0 0 0 0 0 99 99 0 0 0 0 0 99 3 0 3 0 99 0 0 3 3 0 
<64,23> 99 99 99 0 3 0 0 99 3 0 0 3 99 0 3 0 3 99 0 0 0 0 8 99 99 0 0 0 0 0 99 0 0 0 3 99 0 3 3 3 8 
<64,24> 99 99 99 0 0 3 3 99 3 3 3 0 99 3 3 3 0 99 3 3 3 0 99 99 3 0 0 0 0 99 0 0 3 0 99 3 0 3 0 8 8 
<64,25> 99 99 99 0 3 0 0 0 99 0 3 0 3 99 3 0 3 0 99 99 0 3 0 0 99 3 3 3 0 99 3 0 3 0 99 0 0 0 3 8 8 
<64,26> 99 99 99 0 0 3 0 99 3 0 3 0 99 3 3 3 0 99 3 3 3 3 99 0 0 99 0 0 3 0 0 8 8 
<64,27> 99 99 99 0 0 0 0 99 3 0 0 0 99 3 0 0 3 99 3 3 0 3 99 99 0 3 0 0 0 99 3 3 0 3 99 0 3 0 3 8 8 
<64,28> 99 99 99 3 3 3 0 99 3 3 3 3 99 3 0 3 3 99 0 0 3 3 99 99 3 0 3 3 99 3 3 3 3 99 3 3 3 3 99 3 0 3 3 8 8 
<64,29> 99 99 99 0 3 3 0 99 3 3 0 0 99 0 0 3 0 99 0 3 3 3 8 8 8 
<72,0> 99 99 99 3 3 3 0 99 3 3 3 3 99 0 0 0 3 99 3 0 0 0 99 99 3 3 0 0 99 0 0 3 3 99 3 3 3 3 99 3 3 0 0 99 99 3 3 3 0 99 3 3 0 0 99 0 0 0 0 99 0 3 0 0 99 99 0 0 0 0 99 0 0 0 0 99 0 0 3 3 99 0 3 3 3 
<72,1> 99 99 99 0 3 3 3 99 0 3 3 3 99 3 3 3 0 99 3 3 0 0 99 99 3 3 3 0 99 3 3 3 0 0 99 0 3 0 0 99 99 0 0 0 3 99 0 3 3 3 99 0 0 3 3 99 0 0 3 3 99 99 0 3 0 3 0 99 0 0 0 0 0 
<72,2> 99 99 99 3 0 0 0 0 0 0 0 0 0 
<72,3> 99 99 0 99 0 0 0 0 0 0 99 99 0 3 0 0 99 3 3 3 3 0 99 0 3 0 0 0 99 0 99 0 0 3 0 99 0 0 0 0 99 0 0 3 3 
<72,4> 99 99 99 0 3 3 3 99 3 0 0 3 99 3 3 3 3 99 3 0 3 0 99 99 3 0 0 3 99 0 0 0 3 99 0 0 3 0 99 3 0 0 0 99 99 0 0 3 3 99 0 3 3 0 99 3 0 0 3 99 0 0 3 0 99 99 0 0 3 3 99 3 0 3 0 99 3 3 0 0 99 0 3 3 0 
<72,5> 99 99 99 3 0 3 0 99 3 0 0 0 99 0 3 0 3 99 3 3 3 3 8 99 99 3 0 0 3 99 0 3 0 3 99 3 0 3 3 99 3 3 3 3 8 
<72,6> 99 99 99 0 3 3 3 99 3 0 3 3 99 3 3 3 0 99 3 0 0 3 99 99 3 3 3 3 99 0 3 3 0 99 0 0 3 3 0 99 99 0 0 3 3 99 0 0 3 3 99 0 3 3 3 99 0 3 3 3 99 99 3 0 0 0 99 3 3 0 3 99 3 3 3 0 99 3 0 0 3 
<72,7> 99 99 99 0 3 0 0 99 3 3 0 3 99 3 3 0 3 99 3 0 3 3 99 99 0 0 0 0 0 0 99 0 0 0 0 99 99 3 0 3 3 99 0 3 3 0 99 0 0 0 0 99 3 3 0 0 99 99 0 3 3 3 0 99 3 3 0 3 99 3 3 3 0 
<72,8> 99 99 0 0 99 0 0 0 0 0 99 0 0 99 0 0 0 3 99 3 0 0 0 99 99 3 3 3 0 99 0 0 0 3 0 0 0 
<72,9> 99 99 0 0 0 99 0 0 3 0 99 0 99 0 0 0 3 99 0 0 0 3 0 99 0 0 0 99 0 0 0 3 99 0 99 3 0 3 3 0 99 3 0 3 3 
<72,10> 99 99 99 3 0 3 3 0 99 3 3 3 0 99 3 0 3 3 99 99 3 3 3 0 99 3 3 0 0 99 3 3 0 0 99 3 3 0 0 99 99 3 3 0 0 99 3 3 0 3 99 0 3 0 3 99 0 0 3 3 99 99 3 3 0 3 99 0 3 0 0 99 0 3 0 3 99 0 0 3 3 
<72,11> 99 99 99 0 0 3 0 99 3 3 3 3 0 99 0 3 0 0 8 99 0 99 0 3 0 0 99 0 0 3 0 99 3 0 0 3 8 
<72,12> 99 99 99 0 3 0 3 99 0 3 3 3 99 0 0 0 0 99 3 3 3 0 99 99 3 0 3 3 99 0 0 3 3 99 3 3 0 0 99 3 3 3 3 99 99 0 0 3 0 99 0 3 3 3 99 3 3 3 3 99 0 0 3 0 99 99 0 3 3 0 99 3 3 3 0 99 3 3 3 0 0 
<72,13> 99 99 99 0 0 0 3 0 99 3 3 0 3 99 0 0 3 3 99 99 0 0 0 3 0 99 0 3 3 3 99 3 3 3 0 99 99 3 3 3 0 99 3 3 0 0 99 3 0 0 0 99 3 3 0 0 99 99 3 3 0 0 99 3 3 3 3 99 3 3 3 3 99 3 3 3 3 
<72,14> 99 0 99 0 0 0 0 99 99 3 0 3 0 0 99 3 0 0 0 0 0 
<72,15> 99 99 0 99 0 3 0 3 99 0 0 0 0 0 99 99 0 0 3 0 99 0 3 3 0 99 0 0 3 0 99 3 3 0 3 99 99 0 3 3 0 99 3 0 3 3 99 0 0 3 3 0 99 0 0 99 0 0 3 0 99 0 0 0 0 
<72,16> 99 99 0 99 0 3 0 3 99 3 0 0 0 99 3 3 3 3 99 0 99 3 0 0 3 99 3 0 3 3 99 3 0 3 0 99 99 0 0 0 0 99 0 0 0 0 99 3 0 0 0 0 99 99 0 3 0 0 99 0 0 0 0 99 0 3 0 0 99 0 3 0 0 
<72,17> 99 99 99 0 3 3 3 99 0 0 3 0 99 0 3 0 0 99 0 3 3 3 8 99 0 99 0 3 3 3 99 0 0 3 3 99 0 0 3 3 8 
<72,18> 99 99 99 0 0 0 3 99 0 3 3 3 99 3 3 3 3 99 3 3 0 0 99 99 3 3 3 0 99 3 3 0 3 99 3 3 0 3 99 0 0 3 3 99 99 3 0 0 3 99 3 0 3 3 99 0 3 0 3 99 3 0 3 0 99 0 99 3 0 3 3 99 3 3 0 0 99 3 0 0 3 
<72,19> 99 99 99 0 3 0 0 99 0 3 0 0 99 0 0 0 0 99 3 3 0 3 99 99 0 0 0 3 99 0 3 0 0 99 3 0 3 0 99 3 0 3 0 99 99 0 0 0 3 99 3 3 0 3 99 3 0 0 0 99 3 0 3 0 99 99 0 3 0 3 99 0 3 0 3 99 3 0 3 3 0 
<72,20> 99 99 99 0 0 3 3 0 99 3 3 0 3 99 3 3 3 0 99 0 0 0 99 3 0 0 3 99 99 3 0 3 3 99 3 3 3 3 0 99 0 3 3 0 99 99 0 3 0 3 0 99 3 3 3 0 99 3 0 3 3 
<72,21> 99 0 99 99 0 0 0 0 99 0 3 0 0 99 3 0 0 0 99 0 0 0 0 99 99 0 0 0 0 0 0 99 3 3 0 0 99 99 0 3 0 0 99 0 0 3 0 99 0 0 3 3 99 0 3 3 3 
<72,22> 99 0 0 99 99 0 0 0 0 0 99 3 3 3 3 99 0 0 3 0 99 0 99 0 0 0 0 0 99 0 0 3 3 
<72,23> 99 99 99 0 3 0 3 99 0 0 3 3 99 0 0 3 0 99 3 3 0 0 8 99 0 0 0 99 3 0 3 3 8 
<72,24> 99 99 99 0 3 3 0 99 0 3 3 0 99 3 3 3 3 99 3 3 3 0 99 99 0 0 0 0 99 0 3 0 0 99 0 0 0 3 99 0 0 0 3 8 8 
<72,25> 99 99 99 0 0 0 3 0 99 3 0 3 0 99 0 3 0 0 99 0 99 3 3 3 3 0 99 3 0 3 0 8 8 
<72,26> 99 99 99 0 3 3 3 0 99 3 3 3 3 99 3 0 3 3 99 99 0 0 3 0 0 99 0 0 3 0 99 3 3 3 3 8 8 
<72,27> 99 99 0 0 99 3 0 3 3 99 3 0 3 3 99 99 0 0 3 3 99 3 3 0 0 99 0 0 3 0 99 3 3 3 3 8 8 
<72,28> 99 99 99 0 0 0 0 99 3 3 0 3 99 3 3 0 3 99 3 0 3 3 99 99 0 0 0 3 99 3 0 3 3 99 3 0 3 3 99 3 3 0 3 8 8 
<72,29> 99 99 0 99 3 3 0 0 99 3 3 3 3 99 3 3 3 3 8 8 8 
